35	27	21	42	16	14	38	0	19	17	0	26	12	0	10	22	11	20	8	16	35	34	0	31	44	18	1	32	12	0	0	32	15	40	11	41	41	35	0	48	7	0	0	28	44	21	31	44	43	8	34	13	11	21	5	2	17	42	0	42	0	48	39	38	37	46	44	13	39	38	20	21	2	21	0	7	27	42	47	9	36	21	33	0	28	44	28	45	3	0	21	0	13	38	9	28	12	0	13	32	
39	19	13	37	8	17	40	0	37	1	0	2	40	0	33	49	16	1	34	31	34	7	0	26	29	10	12	49	46	0	0	21	43	6	11	36	17	45	0	42	37	0	0	33	16	37	6	15	22	28	20	22	19	20	27	48	2	27	0	22	0	34	48	41	5	1	46	28	5	44	41	10	24	42	0	4	45	14	9	46	19	15	46	0	34	30	35	49	23	0	18	0	47	41	23	46	26	0	45	15	
38	8	39	20	43	39	31	0	4	19	0	9	9	0	10	46	15	1	2	47	25	7	0	18	38	16	19	16	2	0	0	18	17	44	14	36	35	2	0	1	34	0	0	45	30	25	43	9	41	7	39	23	2	46	3	38	12	42	0	35	0	8	1	35	31	44	22	4	49	4	46	6	37	14	0	41	38	18	26	22	5	32	47	0	9	22	39	33	49	0	46	0	33	12	16	3	17	0	1	41	
4	42	1	26	35	25	18	0	38	49	0	8	5	0	29	36	16	26	20	17	15	29	0	20	38	49	25	6	1	0	0	10	26	9	2	10	26	33	0	27	7	0	0	29	20	32	45	17	16	24	24	45	14	8	4	31	34	46	0	45	0	2	44	5	33	26	8	14	29	2	45	39	26	13	0	2	45	28	33	4	9	34	44	0	6	11	5	36	4	0	40	0	28	14	5	33	27	0	26	11	
47	23	49	23	41	35	22	0	38	43	0	46	28	0	4	43	3	32	35	4	34	35	0	19	42	18	44	14	1	0	0	5	36	8	14	4	28	7	0	21	20	0	0	48	4	43	16	34	6	16	23	30	32	13	25	7	28	35	0	8	0	14	47	1	22	48	18	29	22	1	1	29	16	47	0	26	5	1	17	33	27	6	1	0	26	39	28	15	9	0	44	0	33	5	8	44	38	0	40	17	
23	25	42	47	44	35	48	0	22	22	0	1	36	0	20	5	5	36	30	6	31	46	0	34	19	5	18	40	31	0	0	13	36	4	3	30	17	36	0	45	27	0	0	35	41	42	24	10	46	35	40	14	49	4	49	27	42	41	0	19	0	12	24	37	14	13	18	18	40	26	5	5	8	33	0	47	7	27	46	47	44	34	2	0	29	15	11	10	31	0	11	0	17	49	4	48	37	0	1	44	
6	39	14	12	49	43	12	0	8	23	0	14	21	0	23	47	15	13	20	48	35	33	0	8	8	34	21	41	13	0	0	13	3	30	42	3	30	7	0	11	35	0	0	23	28	24	40	47	18	9	15	46	21	8	30	35	22	28	0	16	0	3	5	11	30	8	13	23	12	25	19	40	22	33	0	25	14	24	32	4	40	46	49	0	46	36	44	18	31	0	33	0	4	28	23	36	34	0	43	24	
25	9	42	37	28	9	42	0	3	12	0	5	6	0	25	6	1	22	10	48	22	49	0	14	8	9	32	26	17	0	0	16	17	2	49	19	33	4	0	1	30	0	0	14	14	45	18	21	44	28	48	7	38	2	29	11	1	3	0	24	0	40	47	4	33	25	10	5	38	46	44	23	21	34	0	11	42	46	23	48	18	27	18	0	40	11	1	12	6	0	44	0	43	10	11	6	3	0	32	33	
28	13	20	23	46	40	21	0	44	37	0	9	2	0	1	4	8	37	6	13	41	26	0	21	33	3	9	24	4	0	0	48	15	11	12	5	47	15	0	14	15	0	0	33	34	40	36	13	4	1	23	27	8	41	8	36	9	26	0	37	0	28	49	20	41	1	48	25	21	15	2	29	22	24	0	43	20	25	16	48	37	35	5	0	32	45	23	40	1	0	12	0	36	13	36	29	12	0	48	19	
49	48	2	44	31	5	33	0	19	15	0	41	13	0	27	30	2	11	3	40	41	45	0	46	33	41	15	30	26	0	0	28	27	28	22	31	47	9	0	49	2	0	0	44	31	20	16	36	28	31	45	29	35	8	21	47	16	4	0	6	0	47	22	2	27	8	30	43	12	49	30	28	33	25	0	30	49	24	22	38	18	41	28	0	32	37	13	2	40	0	40	0	29	48	40	33	24	0	37	42	
14	3	18	17	27	15	17	0	43	1	0	25	22	0	26	32	32	44	3	26	37	2	0	12	48	16	24	25	43	0	0	46	21	11	35	35	6	46	0	10	9	0	0	34	41	40	7	30	32	16	35	17	23	29	40	32	19	24	0	29	0	39	35	28	22	4	31	8	9	14	46	20	26	8	0	34	8	9	33	34	49	4	4	0	15	30	13	26	30	0	25	0	7	24	39	16	16	0	12	48	
42	46	12	6	2	26	14	0	46	47	0	29	12	0	13	48	34	29	12	21	17	15	0	17	24	24	8	40	8	0	0	35	20	25	34	15	30	36	0	10	47	0	0	34	5	19	27	47	44	29	19	49	44	5	37	29	21	23	0	4	0	8	26	6	10	8	28	14	26	34	42	36	12	43	0	10	49	30	21	42	32	10	31	0	8	28	18	20	2	0	22	0	40	25	44	27	15	0	38	32	
10	28	11	1	32	23	46	0	19	9	0	17	40	0	19	32	42	34	40	38	43	19	0	34	11	43	32	15	24	0	0	38	1	43	4	49	27	38	0	46	10	0	0	40	49	5	15	49	38	11	8	47	42	30	31	4	27	12	0	19	0	3	7	43	9	11	22	9	43	28	16	27	48	9	0	1	4	4	10	46	23	39	49	0	41	32	32	32	42	0	19	0	35	19	41	4	45	0	17	40	
43	21	47	18	4	39	19	0	40	21	0	1	31	0	36	45	29	21	49	32	24	19	0	27	36	11	49	16	23	0	0	40	37	27	41	3	33	32	0	31	33	0	0	42	5	12	31	22	28	14	39	10	19	13	29	16	46	26	0	47	0	41	4	14	31	45	40	19	28	29	37	28	43	11	0	12	28	43	15	45	12	42	27	0	26	31	41	19	31	0	23	0	12	24	10	4	29	0	18	34	
34	4	3	28	37	24	26	0	32	44	0	36	1	0	43	8	46	44	8	10	18	14	0	11	4	33	1	11	20	0	0	9	15	43	13	35	10	44	0	40	8	0	0	43	22	7	49	28	31	48	23	41	23	43	31	27	19	38	0	23	0	47	42	13	32	11	7	24	23	46	35	4	28	45	0	12	3	44	31	48	11	22	47	0	10	23	16	11	29	0	11	0	31	23	13	7	43	0	35	15	
41	4	17	24	31	24	17	0	6	27	0	15	16	0	27	20	34	16	19	31	4	9	0	3	28	45	26	23	39	0	0	27	5	32	49	34	23	4	0	22	7	0	0	3	25	16	6	13	7	39	47	26	35	15	17	37	25	4	0	2	0	3	2	2	16	42	1	7	43	9	27	30	21	45	0	17	42	46	16	31	28	29	9	0	25	42	25	47	40	0	38	0	5	25	42	15	18	0	34	7	
7	48	7	37	44	1	38	0	6	37	0	2	25	0	48	39	24	18	21	44	28	20	0	30	43	38	11	5	17	0	0	28	47	28	4	2	22	24	0	32	35	0	0	1	43	34	15	8	33	35	40	26	21	1	34	33	30	18	0	4	0	49	22	2	27	16	48	5	39	11	24	9	46	46	0	21	45	40	48	14	10	45	48	0	33	17	27	48	43	0	19	0	19	2	4	29	31	0	41	35	
26	24	24	47	31	12	12	0	4	21	0	39	6	0	19	39	47	14	22	8	1	2	0	37	1	17	34	5	34	0	0	14	26	43	32	3	26	37	0	28	9	0	0	10	38	5	35	36	24	35	16	11	49	32	9	45	27	14	0	30	0	27	34	30	37	13	28	41	1	25	9	12	33	26	0	27	20	5	14	13	6	24	9	0	24	43	5	34	2	0	23	0	1	36	20	17	32	0	45	22	
28	37	4	19	35	7	30	0	19	27	0	6	48	0	39	17	33	40	24	46	12	41	0	25	43	31	16	22	31	0	0	15	15	26	7	49	43	5	0	43	34	0	0	14	17	12	5	36	47	14	25	45	38	33	7	8	28	13	0	49	0	37	33	31	14	9	15	9	18	48	2	26	18	21	0	44	48	17	40	42	21	11	4	0	29	35	17	4	22	0	37	0	37	45	43	18	14	0	38	36	
8	19	28	41	30	44	46	0	37	18	0	21	41	0	12	46	44	20	49	11	39	6	0	5	29	26	49	23	48	0	0	29	3	43	49	46	25	5	0	22	7	0	0	7	24	48	49	4	4	25	36	34	36	14	45	28	26	34	0	47	0	31	22	13	18	1	4	37	34	37	10	26	12	17	0	41	27	33	38	38	41	8	8	0	7	46	38	39	4	0	6	0	19	28	41	43	39	0	31	39	
27	27	11	12	25	47	24	0	34	38	0	45	23	0	33	26	1	32	21	16	17	33	0	36	29	46	15	6	4	0	0	36	24	49	43	14	22	20	0	41	11	0	0	25	26	36	12	3	13	7	3	41	49	25	3	12	16	4	0	42	0	42	12	22	22	30	46	14	35	8	33	39	15	33	0	38	2	45	26	11	45	12	23	0	2	27	7	8	41	0	30	0	34	13	23	13	20	0	38	37	
27	27	20	34	20	28	10	0	13	40	0	32	9	0	22	28	28	38	9	30	32	3	0	15	20	6	48	43	1	0	0	30	38	3	29	8	15	49	0	45	15	0	0	32	37	35	45	3	39	5	1	8	11	21	25	21	49	19	0	47	0	23	23	36	13	29	24	45	24	2	21	14	32	2	0	19	33	36	30	29	43	36	44	0	45	43	49	3	49	0	5	0	23	26	43	40	32	0	27	5	
2	16	4	32	27	43	32	0	4	7	0	40	19	0	45	44	36	39	44	11	24	34	0	48	19	5	28	42	31	0	0	30	41	35	27	5	24	46	0	16	21	0	0	15	3	10	12	25	32	20	1	25	17	37	6	1	22	27	0	49	0	10	48	44	36	36	1	28	25	48	49	13	26	36	0	44	9	4	45	49	6	46	36	0	46	47	2	20	48	0	20	0	29	20	13	9	25	0	47	28	
37	12	40	43	49	6	12	0	46	30	0	7	1	0	1	36	14	16	23	32	12	37	0	46	7	1	39	43	4	0	0	39	14	21	49	32	13	1	0	13	41	0	0	19	48	29	40	41	19	17	1	17	25	29	16	37	5	8	0	17	0	14	36	42	27	11	34	49	13	17	12	18	24	12	0	16	39	32	15	49	23	18	30	0	40	11	7	3	35	0	46	0	49	9	8	1	16	0	15	31	
25	30	48	36	22	22	25	0	7	13	0	23	36	0	4	38	36	35	40	15	48	15	0	20	1	19	33	8	21	0	0	22	18	30	33	8	6	3	0	3	29	0	0	9	49	36	32	49	36	7	23	22	27	31	49	49	21	18	0	10	0	20	47	27	27	5	25	17	12	43	2	27	38	13	0	29	48	13	33	6	8	7	16	0	38	47	36	39	34	0	41	0	17	43	48	18	3	0	7	45	
32	17	22	31	20	17	2	0	35	7	0	48	28	0	47	16	42	5	20	6	4	12	0	7	14	48	48	4	43	0	0	25	16	41	30	47	28	22	0	12	19	0	0	7	23	46	8	48	27	46	22	7	5	30	46	45	40	49	0	27	0	40	46	7	12	2	45	14	7	29	23	44	34	25	0	15	10	9	43	9	36	22	27	0	5	26	40	20	2	0	45	0	28	16	45	11	24	0	20	17	
7	2	37	8	30	40	10	0	23	28	0	24	28	0	45	24	8	33	4	7	20	23	0	29	22	31	1	1	43	0	0	6	16	49	12	38	31	38	0	19	13	0	0	33	16	22	2	49	33	26	47	7	20	3	32	37	30	4	0	32	0	8	45	15	14	47	18	30	22	34	49	28	10	20	0	36	26	10	7	31	22	8	3	0	1	8	7	19	24	0	47	0	43	33	18	45	8	0	43	29	
38	6	22	32	39	38	48	0	23	34	0	22	44	0	46	38	28	15	46	11	24	39	0	30	20	22	12	29	8	0	0	49	14	7	32	18	32	41	0	23	20	0	0	1	27	32	36	27	32	10	6	28	10	39	24	3	37	24	0	10	0	42	34	36	37	23	37	39	1	33	42	35	3	13	0	24	7	14	24	43	44	18	24	0	21	32	34	10	28	0	41	0	23	5	15	46	20	0	9	34	
7	14	27	35	45	47	11	0	29	7	0	24	14	0	3	25	39	45	31	39	6	35	0	17	33	30	40	8	35	0	0	22	45	18	16	7	49	9	0	9	33	0	0	38	40	33	30	31	28	23	14	6	35	16	44	33	47	8	0	43	0	45	29	44	8	34	15	34	36	36	24	22	14	40	0	43	44	1	12	7	11	39	41	0	9	37	22	43	12	0	19	0	23	21	10	16	42	0	26	3	
49	28	22	23	31	5	29	0	37	5	0	33	21	0	34	44	37	39	16	37	7	4	0	49	31	23	24	7	25	0	0	14	5	39	6	37	42	12	0	35	46	0	0	48	14	44	32	15	1	5	1	43	32	14	38	3	36	25	0	13	0	42	35	10	8	32	27	28	49	44	17	48	32	42	0	15	37	17	20	27	19	48	24	0	35	18	47	28	47	0	37	0	17	22	17	35	30	0	47	9	
7	38	43	13	22	12	15	0	32	38	0	49	19	0	5	44	34	8	8	26	49	25	0	47	38	2	4	46	23	0	0	7	10	41	34	30	25	21	0	32	49	0	0	21	34	3	24	5	32	1	35	1	3	47	41	49	13	14	0	5	0	26	26	13	35	17	7	7	13	12	26	36	26	40	0	30	23	43	16	47	17	6	16	0	20	32	4	6	19	0	37	0	26	44	4	7	3	0	24	42	
39	16	28	11	2	11	18	0	17	9	0	29	27	0	5	40	43	22	39	15	22	17	0	9	10	38	42	40	8	0	0	21	6	2	7	2	5	1	0	19	7	0	0	11	48	47	44	6	47	22	44	30	17	26	45	18	32	47	0	35	0	37	19	36	46	6	41	3	4	13	34	41	31	43	0	38	2	15	2	21	9	30	40	0	30	45	22	11	1	0	44	0	12	25	28	16	48	0	22	26	
39	3	34	27	19	47	8	0	37	14	0	39	5	0	24	40	44	5	33	28	3	26	0	12	2	10	42	43	39	0	0	27	1	14	24	16	30	19	0	26	3	0	0	49	35	5	23	45	5	7	48	41	11	41	44	34	1	24	0	19	0	10	23	14	47	14	45	29	47	43	8	28	32	35	0	39	28	14	18	37	10	42	47	0	39	27	45	45	35	0	10	0	9	21	45	42	5	0	23	26	
8	22	27	11	11	47	39	0	13	34	0	39	24	0	37	4	21	41	36	34	16	47	0	48	9	43	49	14	3	0	0	27	9	47	6	8	38	16	0	10	17	0	0	47	5	5	22	16	14	1	24	47	25	37	32	12	20	31	0	47	0	44	2	12	22	24	49	29	34	6	45	12	43	18	0	20	49	8	8	45	11	38	36	0	27	38	20	21	17	0	42	0	25	10	7	5	37	0	49	23	
24	31	27	25	2	11	34	0	34	35	0	1	12	0	49	6	19	1	15	5	31	7	0	3	8	5	23	38	7	0	0	45	6	49	11	32	41	45	0	10	43	0	0	8	7	31	30	30	19	28	36	10	47	10	16	34	47	38	0	8	0	18	25	23	1	47	22	45	13	10	32	6	21	9	0	10	8	1	5	45	32	16	45	0	10	18	28	40	42	0	45	0	15	33	39	39	44	0	4	10	
47	25	3	9	48	14	19	0	25	49	0	40	7	0	15	36	14	44	23	21	31	42	0	26	11	25	22	42	47	0	0	22	33	43	15	39	34	6	0	49	44	0	0	9	46	35	8	21	27	3	22	5	17	37	16	41	4	13	0	40	0	1	44	37	45	10	38	1	43	34	18	44	9	21	0	43	45	16	3	40	1	23	41	0	21	26	41	34	29	0	32	0	9	2	36	27	47	0	13	2	
6	27	2	8	44	26	2	0	33	37	0	40	13	0	38	6	43	31	5	15	9	46	0	25	34	21	43	25	17	0	0	16	19	2	34	6	35	38	0	49	31	0	0	31	6	18	17	15	14	29	42	48	36	49	28	11	11	26	0	34	0	40	37	41	28	43	33	15	30	26	13	6	12	38	0	6	31	35	23	24	11	4	16	0	43	30	44	5	19	0	2	0	14	19	39	9	39	0	17	40	
16	26	8	41	25	15	45	0	17	15	0	9	8	0	13	36	40	39	36	16	22	12	0	14	28	43	48	48	34	0	0	41	45	26	13	33	9	48	0	23	21	0	0	26	46	25	5	37	42	36	35	40	25	31	16	33	48	28	0	4	0	25	25	39	9	35	20	23	46	47	16	17	47	37	0	9	35	17	2	49	16	3	3	0	3	47	23	2	16	0	5	0	4	45	49	42	23	0	39	33	
3	29	11	13	46	9	45	0	13	24	0	32	13	0	3	23	12	1	13	28	33	30	0	40	25	1	16	19	25	0	0	12	6	11	7	2	5	4	0	36	16	0	0	7	38	33	6	22	27	15	8	35	42	10	1	7	6	17	0	42	0	47	34	49	43	26	21	36	24	34	37	18	7	33	0	10	35	47	48	38	13	8	26	0	27	47	16	43	24	0	18	0	21	13	4	16	43	0	24	45	
2	19	36	22	8	40	39	0	17	28	0	48	4	0	30	20	25	45	42	18	32	19	0	39	4	18	16	27	26	0	0	8	28	42	33	23	15	17	0	15	43	0	0	16	25	36	33	18	19	37	35	6	6	38	18	49	9	31	0	42	0	27	47	45	45	19	13	11	41	28	13	4	37	15	0	24	22	24	47	45	47	44	7	0	46	1	19	46	31	0	13	0	18	2	31	38	43	0	41	43	
10	2	10	26	1	46	48	0	16	41	0	11	10	0	26	10	19	29	2	39	35	31	0	36	22	46	44	11	44	0	0	35	30	33	25	40	16	27	0	8	9	0	0	31	43	27	42	41	9	34	40	23	15	15	26	22	24	38	0	39	0	6	6	9	12	33	7	11	3	3	24	30	29	18	0	6	31	8	19	26	22	46	23	0	9	46	42	17	15	0	27	0	42	1	47	49	10	0	35	8	
18	4	11	37	15	21	27	0	44	43	0	5	30	0	45	46	14	46	15	20	18	22	0	38	22	5	42	33	36	0	0	9	6	18	1	19	11	26	0	10	5	0	0	39	32	37	13	49	18	7	5	1	18	45	10	25	37	6	0	14	0	32	28	27	33	41	10	34	11	40	36	49	12	15	0	27	45	43	43	25	34	20	5	0	2	11	14	37	6	0	49	0	49	7	2	17	36	0	12	19	
9	7	43	19	16	31	21	0	13	29	0	1	18	0	11	38	45	13	10	39	6	18	0	34	3	12	17	47	3	0	0	6	31	48	41	32	32	7	0	37	22	0	0	18	15	25	46	30	15	46	21	30	11	1	29	3	36	12	0	4	0	2	37	26	22	27	39	29	25	29	3	19	42	30	0	46	11	48	22	37	10	28	14	0	19	40	26	2	42	0	1	0	10	30	14	39	15	0	9	18	
30	15	20	35	28	20	18	0	21	41	0	6	5	0	1	4	24	3	8	17	45	31	0	7	23	42	19	4	5	0	0	47	27	10	34	15	32	13	0	13	6	0	0	14	47	24	27	5	42	4	4	20	40	18	7	46	28	47	0	10	0	6	21	31	13	10	26	32	48	40	47	35	47	1	0	42	25	6	39	47	21	1	38	0	40	47	16	5	43	0	31	0	26	29	38	2	30	0	26	10	
33	5	40	23	3	12	29	0	9	9	0	27	34	0	10	20	20	39	11	47	16	2	0	21	22	15	1	45	48	0	0	33	14	7	34	10	43	30	0	20	4	0	0	16	42	39	35	18	34	47	37	42	2	49	49	25	25	10	0	20	0	22	20	24	20	14	40	49	45	4	36	48	48	25	0	45	11	14	31	13	16	10	44	0	22	22	33	22	37	0	21	0	41	19	33	37	29	0	12	11	
3	45	15	31	42	4	42	0	13	1	0	38	49	0	30	1	14	18	46	7	22	12	0	26	26	40	11	18	40	0	0	36	7	36	41	29	24	46	0	10	49	0	0	37	25	11	18	10	4	47	21	11	14	12	49	1	39	39	0	4	0	37	12	33	5	34	28	16	24	41	43	7	27	1	0	13	47	37	31	41	15	21	27	0	11	1	30	19	33	0	43	0	38	38	19	42	33	0	48	49	
41	42	8	37	8	34	36	0	21	44	0	49	23	0	30	20	10	8	5	43	11	5	0	18	19	45	43	35	19	0	0	17	34	46	45	31	42	18	0	27	37	0	0	35	43	27	45	23	45	43	44	11	1	32	11	42	47	9	0	11	0	39	41	16	43	23	23	41	42	27	16	29	18	27	0	4	42	48	10	30	38	31	42	0	47	18	30	24	10	0	43	0	32	28	10	2	12	0	21	30	
5	43	8	9	37	44	44	0	3	28	0	6	24	0	3	15	2	13	15	6	10	4	0	18	10	44	10	24	11	0	0	10	19	42	39	25	24	19	0	1	13	0	0	11	11	14	20	5	17	26	3	22	17	49	43	17	44	44	0	44	0	28	5	36	45	6	45	45	25	32	49	15	34	16	0	20	21	13	11	7	1	37	15	0	1	9	13	19	6	0	29	0	42	32	2	24	44	0	1	15	
44	12	39	7	9	3	2	0	46	47	0	41	1	0	33	35	48	2	31	6	37	21	0	28	16	36	32	37	12	0	0	35	7	1	12	15	20	12	0	3	43	0	0	24	25	15	17	25	5	34	18	22	38	13	24	38	27	14	0	27	0	8	9	34	17	39	38	31	30	30	37	31	4	2	0	16	10	8	15	48	28	33	12	0	4	49	10	13	49	0	25	0	35	42	44	35	36	0	49	31	
7	44	33	42	1	6	30	0	44	3	0	8	22	0	9	40	46	7	11	16	16	37	0	32	41	28	46	14	46	0	0	25	49	42	10	16	8	20	0	24	5	0	0	22	41	7	10	22	31	2	15	23	25	45	19	30	24	46	0	21	0	40	35	37	8	33	9	1	31	6	36	48	35	37	0	30	32	28	25	33	14	13	12	0	46	3	13	11	12	0	1	0	5	9	38	39	3	0	24	15	
38	3	23	47	15	38	27	0	1	44	0	35	26	0	2	25	39	29	26	14	3	45	0	17	33	31	5	21	12	0	0	6	2	32	17	9	7	34	0	25	37	0	0	6	24	17	22	38	17	13	26	8	6	1	11	32	35	23	0	40	0	6	5	23	47	40	14	10	41	10	20	49	33	19	0	11	4	7	9	17	36	9	30	0	24	49	38	48	47	0	7	0	8	48	32	37	4	0	15	3	
1	32	14	8	49	4	21	0	46	14	0	16	5	0	21	6	25	49	36	4	17	10	0	21	24	25	9	14	45	0	0	43	5	48	27	45	36	38	0	1	2	0	0	37	30	16	5	14	42	36	40	25	49	41	28	35	26	2	0	11	0	44	12	32	8	35	26	16	23	41	23	39	34	20	0	22	4	19	38	14	20	25	5	0	18	42	36	3	39	0	45	0	22	11	11	16	1	0	18	10	
49	26	14	35	24	1	16	0	1	47	0	11	6	0	45	46	41	7	3	47	18	49	0	18	12	28	25	40	29	0	0	32	11	1	31	40	28	35	0	25	45	0	0	22	29	24	23	46	36	3	37	22	33	15	21	45	44	12	0	5	0	44	20	27	38	43	11	33	6	9	37	34	32	35	0	17	35	46	22	26	21	33	16	0	41	31	45	39	45	0	47	0	7	24	47	3	29	0	23	33	
19	31	24	15	22	8	18	0	44	15	0	20	15	0	42	33	32	19	26	25	20	24	0	35	37	36	13	22	33	0	0	41	24	27	37	5	9	1	0	21	17	0	0	46	27	38	26	38	29	14	45	7	5	49	27	5	15	44	0	17	0	31	46	1	32	38	36	15	14	42	7	9	14	13	0	49	20	3	4	30	48	19	14	0	33	23	45	14	6	0	39	0	23	13	10	41	2	0	13	9	
29	25	4	44	34	9	40	0	17	35	0	11	38	0	36	2	39	5	11	48	12	21	0	29	35	1	5	7	36	0	0	35	12	10	27	49	10	17	0	5	27	0	0	31	37	35	4	41	46	15	19	24	4	5	25	20	18	11	0	5	0	31	22	46	39	10	24	1	48	13	47	17	30	24	0	21	37	23	34	36	15	25	34	0	42	18	33	49	26	0	20	0	2	36	5	33	14	0	1	49	
3	32	26	33	16	15	15	0	39	27	0	8	26	0	29	14	16	16	46	20	41	22	0	9	46	19	34	9	39	0	0	6	4	35	39	29	27	35	0	4	48	0	0	12	19	47	12	6	33	25	43	46	9	46	27	19	6	49	0	19	0	21	8	24	10	35	42	5	21	35	29	30	9	46	0	32	47	49	41	21	32	32	13	0	10	29	42	31	33	0	26	0	4	22	34	6	19	0	13	10	
5	11	49	1	11	25	10	0	15	35	0	32	35	0	28	36	45	4	39	37	43	3	0	33	10	5	40	36	17	0	0	8	45	35	38	45	41	42	0	17	49	0	0	12	37	6	41	19	29	9	48	6	41	24	37	48	29	4	0	29	0	29	2	39	26	48	6	13	25	47	46	3	1	17	0	41	15	20	48	40	36	38	20	0	14	30	27	12	26	0	14	0	26	43	7	2	47	0	38	43	
42	49	44	41	33	10	28	0	35	4	0	30	11	0	49	32	39	22	32	2	31	32	0	23	8	9	46	17	12	0	0	5	18	43	26	24	12	21	0	42	12	0	0	29	47	24	38	21	5	48	27	12	19	28	43	35	16	4	0	29	0	40	15	25	4	40	32	27	14	17	20	47	6	23	0	29	18	43	20	38	7	5	5	0	38	45	28	19	9	0	36	0	40	31	29	44	36	0	43	6	
44	41	14	24	18	36	47	0	24	17	0	9	33	0	47	46	22	46	34	30	25	43	0	5	5	15	49	35	19	0	0	6	40	39	28	3	3	23	0	1	25	0	0	28	24	44	5	32	1	7	21	42	35	9	22	4	15	20	0	35	0	41	4	37	17	32	23	14	38	33	1	11	24	44	0	48	9	25	29	2	21	42	7	0	6	21	49	42	37	0	35	0	9	1	17	28	43	0	40	19	
7	5	10	6	37	6	18	0	46	48	0	40	11	0	22	9	32	7	5	10	20	23	0	47	36	23	9	29	10	0	0	47	10	34	34	25	25	15	0	28	49	0	0	40	23	30	44	43	46	2	38	6	44	18	9	37	16	27	0	6	0	44	48	8	40	12	21	16	46	17	21	41	27	14	0	41	17	13	44	23	11	15	46	0	49	30	48	47	20	0	29	0	37	35	1	39	9	0	49	33	
17	18	7	5	41	10	23	0	36	33	0	17	19	0	30	41	5	8	12	23	45	4	0	40	46	47	20	13	13	0	0	20	7	7	15	36	31	38	0	22	46	0	0	39	5	23	35	44	47	18	33	39	45	21	28	30	3	38	0	34	0	31	35	13	8	18	46	16	31	44	14	26	41	45	0	6	7	35	45	28	1	19	8	0	32	28	33	14	34	0	27	0	34	26	18	5	2	0	32	33	
45	46	5	49	10	12	33	0	38	41	0	20	13	0	36	32	13	49	17	14	1	8	0	23	28	45	19	26	31	0	0	18	22	37	45	36	1	16	0	10	26	0	0	4	10	45	26	43	24	37	15	19	37	36	29	13	44	7	0	14	0	1	12	4	18	22	34	9	19	10	46	13	48	20	0	48	26	4	5	24	49	9	37	0	1	36	15	13	25	0	32	0	5	39	16	22	41	0	7	47	
21	21	28	5	34	22	45	0	41	33	0	19	10	0	28	12	33	11	43	24	14	15	0	31	16	2	6	25	13	0	0	29	19	20	7	8	13	37	0	19	42	0	0	32	16	34	10	49	25	11	47	33	35	40	13	37	29	48	0	14	0	14	9	5	6	26	18	42	15	32	30	7	33	17	0	47	18	42	19	28	39	8	6	0	9	26	7	38	33	0	33	0	37	19	3	28	6	0	14	14	
31	49	14	42	17	41	48	0	49	20	0	36	32	0	48	10	2	9	36	29	36	11	0	10	37	35	15	18	16	0	0	43	47	37	47	4	32	4	0	26	2	0	0	24	47	7	11	26	16	49	27	36	23	16	19	16	17	35	0	14	0	28	5	26	47	40	18	14	18	34	20	13	43	26	0	24	23	28	27	38	8	44	13	0	49	44	14	21	8	0	34	0	16	41	29	41	1	0	34	27	
5	23	32	45	4	38	3	0	41	12	0	29	38	0	49	6	38	5	26	43	34	45	0	4	10	47	41	1	39	0	0	33	23	17	32	7	18	20	0	8	15	0	0	45	44	17	32	39	3	6	39	7	39	11	36	6	33	15	0	43	0	48	15	49	27	17	5	30	31	41	5	44	32	34	0	33	1	45	26	43	32	17	45	0	11	34	18	3	35	0	25	0	24	39	38	48	4	0	36	50	
21	44	30	31	33	42	15	0	49	17	0	27	2	0	23	22	8	8	1	33	11	38	0	33	12	33	39	13	37	0	0	46	32	26	46	18	14	12	0	31	38	0	0	31	1	5	17	49	44	38	33	2	6	38	15	13	10	3	0	24	0	46	41	30	21	18	27	38	43	23	43	39	10	23	0	34	40	43	29	40	22	29	42	0	12	1	40	32	4	0	43	0	49	6	46	27	12	0	14	19	
8	39	30	21	20	4	17	0	40	33	0	23	46	0	34	11	36	2	36	43	20	29	0	9	46	32	3	49	7	0	0	16	36	20	42	26	47	3	0	40	15	0	0	7	15	26	7	29	28	11	21	5	13	3	43	37	30	2	0	3	0	33	24	21	38	37	30	24	38	45	20	37	15	20	0	40	48	46	14	17	1	31	43	0	23	32	38	7	1	0	33	0	33	40	23	7	10	0	19	30	
19	33	26	42	18	12	13	0	22	3	0	19	17	0	38	31	3	12	14	42	47	4	0	2	33	29	2	15	16	0	0	21	28	24	44	44	37	32	0	37	36	0	0	20	42	37	48	6	32	29	26	39	7	13	20	46	27	48	0	25	0	21	46	26	19	29	4	19	16	34	1	28	31	32	0	19	27	13	37	40	10	36	33	0	41	11	21	49	18	0	43	0	9	5	13	19	26	0	18	49	
49	2	15	47	13	25	4	0	25	48	0	14	32	0	9	38	24	9	7	35	28	40	0	21	42	29	27	48	3	0	0	47	12	6	5	9	34	9	0	20	44	0	0	25	11	16	48	45	31	20	6	8	7	22	26	28	20	45	0	2	0	15	26	20	25	13	36	44	36	30	27	10	26	19	0	32	29	31	16	40	2	31	36	0	9	36	42	18	49	0	33	0	19	6	16	43	1	0	30	46	
41	28	14	24	48	43	16	0	29	37	0	28	40	0	33	46	19	31	16	42	17	13	0	5	15	28	10	4	27	0	0	49	13	37	13	43	49	3	0	6	2	0	0	1	14	24	11	9	47	45	8	28	34	17	34	4	49	15	0	40	0	27	25	4	38	21	24	10	10	38	35	12	15	28	0	47	16	5	7	16	4	47	41	0	49	40	6	26	16	0	13	0	24	7	37	46	34	0	46	33	
24	19	27	43	40	37	32	0	20	25	0	23	6	0	18	22	43	30	45	48	35	34	0	37	31	5	41	17	31	0	0	4	1	6	13	26	1	49	0	25	36	0	0	43	30	29	14	10	8	16	44	14	34	29	16	35	29	46	0	24	0	46	44	29	37	48	32	49	13	37	17	46	38	34	0	5	32	24	24	34	37	18	2	0	23	21	26	23	48	0	43	0	19	46	49	10	36	0	27	38	
47	27	31	15	17	7	6	0	14	28	0	39	6	0	35	46	41	11	39	28	22	48	0	48	6	37	41	44	22	0	0	43	7	46	30	12	14	18	0	48	46	0	0	41	28	14	15	34	23	40	42	38	34	48	14	37	10	16	0	43	0	10	25	12	14	19	41	24	24	18	21	23	14	32	0	15	48	10	44	39	43	35	41	0	5	18	6	18	6	0	41	0	38	25	46	17	48	0	7	49	
8	17	41	39	9	42	1	0	27	33	0	25	49	0	44	15	29	16	26	38	37	33	0	1	48	33	46	10	8	0	0	33	33	29	49	43	24	30	0	37	23	0	0	36	23	39	25	37	29	30	47	21	6	16	11	1	24	5	0	8	0	6	34	17	24	37	14	6	35	12	23	33	34	13	0	28	21	32	18	7	29	45	25	0	1	10	3	38	29	0	22	0	8	5	25	28	7	0	44	15	
15	23	21	43	20	3	48	0	25	38	0	21	34	0	17	9	14	41	41	42	18	23	0	20	46	35	36	27	5	0	0	16	48	30	20	15	23	32	0	33	20	0	0	38	33	13	14	22	16	38	46	18	24	23	7	49	8	47	0	8	0	9	25	38	10	36	47	36	29	18	46	17	30	5	0	11	13	1	47	25	21	17	48	0	8	6	3	6	39	0	15	0	22	26	21	11	20	0	19	12	
14	8	49	19	43	34	10	0	42	33	0	24	40	0	6	49	44	20	17	10	32	33	0	46	18	25	3	6	13	0	0	39	41	28	3	11	9	33	0	23	33	0	0	26	4	2	15	37	40	10	37	22	6	37	27	40	17	20	0	47	0	21	10	1	43	28	26	20	10	7	11	44	26	43	0	49	47	13	6	45	38	49	29	0	22	14	29	31	33	0	24	0	21	8	40	19	24	0	45	10	
33	35	18	13	17	4	22	0	32	10	0	12	6	0	31	41	40	16	23	34	13	25	0	27	39	32	35	43	9	0	0	41	35	9	1	40	30	39	0	46	21	0	0	18	33	10	12	26	36	23	5	40	4	39	30	24	47	20	0	23	0	29	3	6	46	43	22	40	1	1	3	37	46	35	0	27	22	18	41	13	34	46	47	0	5	10	41	7	2	0	48	0	18	37	11	28	44	0	13	5	
12	44	3	40	22	6	44	0	12	25	0	14	14	0	32	43	38	14	37	48	40	2	0	46	46	49	27	18	5	0	0	10	49	39	42	37	8	46	0	29	18	0	0	49	2	7	9	23	32	38	33	5	45	45	39	26	47	41	0	43	0	45	8	15	6	40	2	21	31	47	41	49	7	11	0	47	10	29	11	41	49	8	6	0	17	27	16	37	44	0	15	0	24	33	43	25	30	0	24	15	
43	30	47	12	35	28	4	0	11	37	0	3	34	0	37	28	11	49	28	7	44	26	0	28	18	42	29	36	39	0	0	39	2	33	38	42	21	29	0	16	37	0	0	15	14	14	18	30	20	43	21	3	2	38	16	20	14	37	0	10	0	32	35	16	15	38	12	9	30	15	31	1	43	10	0	41	15	39	21	31	47	38	30	0	27	9	4	6	35	0	21	0	18	15	32	48	34	0	34	17	
49	5	11	45	15	35	18	0	11	2	0	17	4	0	29	27	41	10	44	6	44	43	0	22	25	35	47	40	31	0	0	11	17	2	5	48	9	7	0	27	7	0	0	31	42	49	37	24	4	14	16	3	1	38	45	40	43	32	0	16	0	49	28	37	49	45	27	3	7	45	20	16	27	46	0	48	30	31	25	42	9	16	6	0	47	31	15	47	46	0	37	0	49	32	26	49	48	0	18	1	
39	22	30	12	43	41	11	0	21	47	0	38	49	0	44	20	12	5	19	37	46	2	0	39	27	9	18	41	15	0	0	44	23	45	6	13	7	29	0	28	25	0	0	47	22	41	19	13	20	16	48	37	1	32	3	23	26	32	0	48	0	16	34	2	11	32	41	13	18	13	16	24	45	12	0	33	2	26	9	39	9	14	38	0	16	38	16	40	36	0	30	0	26	22	2	44	37	0	14	43	
30	7	47	37	23	4	14	0	6	8	0	6	21	0	19	11	39	35	5	33	22	15	0	39	33	48	7	23	4	0	0	27	31	16	23	23	27	37	0	15	3	0	0	12	2	42	29	7	45	34	22	9	23	7	21	18	19	31	0	9	0	10	5	21	44	45	45	18	19	22	23	21	12	49	0	44	34	23	10	39	15	17	31	0	19	7	45	38	14	0	41	0	26	6	37	46	9	0	26	9	
25	2	30	41	16	38	2	0	9	41	0	6	41	0	49	44	14	16	38	39	38	45	0	22	7	45	15	46	20	0	0	4	16	24	45	29	10	30	0	18	11	0	0	49	11	17	37	19	42	39	49	25	46	28	41	45	20	16	0	5	0	18	6	41	11	28	4	49	47	29	3	24	45	44	0	33	25	9	7	8	16	43	10	0	26	23	36	37	36	0	43	0	43	49	39	45	26	0	34	29	
45	3	13	6	36	45	38	0	4	6	0	5	2	0	11	23	28	17	45	37	1	2	0	43	1	3	29	28	25	0	0	25	21	30	29	9	42	9	0	29	2	0	0	36	3	40	35	2	13	37	25	42	43	41	44	11	46	27	0	26	0	8	14	31	31	17	39	35	14	41	15	23	1	6	0	22	30	9	11	29	23	44	42	0	28	45	42	18	39	0	9	0	33	33	39	14	5	0	32	35	
27	49	29	44	13	9	29	0	44	32	0	48	49	0	49	12	44	32	2	45	49	46	0	3	30	15	18	44	8	0	0	10	42	10	47	43	20	42	0	1	31	0	0	10	26	21	25	45	4	14	42	14	33	14	3	40	19	21	0	21	0	14	47	20	20	21	34	21	39	11	4	7	19	3	0	1	18	43	15	23	4	3	37	0	10	26	18	6	22	0	4	0	42	11	14	18	25	0	9	32	
21	7	45	18	32	29	26	0	22	47	0	29	49	0	8	44	2	17	36	27	1	41	0	16	30	8	41	21	25	0	0	47	10	3	1	23	11	34	0	13	43	0	0	46	37	29	34	38	27	2	40	24	47	47	13	1	19	36	0	45	0	35	3	38	37	6	45	47	21	42	31	38	22	12	0	37	4	19	21	19	48	3	13	0	35	26	40	23	33	0	47	0	33	17	37	3	37	0	34	38	
13	28	43	17	18	35	3	0	32	2	0	23	18	0	34	29	41	5	18	30	29	27	0	24	7	37	35	12	15	0	0	12	28	12	23	45	42	22	0	21	47	0	0	17	15	9	32	22	18	13	24	1	27	48	42	20	27	14	0	5	0	25	26	5	11	39	14	22	42	12	21	24	10	4	0	34	27	10	1	27	20	27	24	0	35	44	17	44	22	0	2	0	20	31	19	44	14	0	14	32	
8	8	2	1	43	17	12	0	4	4	0	40	49	0	41	1	20	34	49	28	3	19	0	14	21	40	47	37	49	0	0	44	39	49	13	37	14	43	0	30	47	0	0	27	20	4	20	31	4	40	17	3	39	11	33	20	35	35	0	14	0	8	15	20	27	23	45	36	8	36	8	17	49	11	0	16	15	20	11	48	32	32	41	0	24	39	40	23	11	0	30	0	47	25	44	22	34	0	30	33	
18	6	48	28	26	19	3	0	16	4	0	23	5	0	14	27	34	36	48	6	30	26	0	26	29	32	11	17	30	0	0	7	31	47	43	9	12	47	0	46	1	0	0	14	26	15	10	7	28	20	24	7	12	12	20	27	14	5	0	35	0	34	28	18	32	6	4	35	49	33	20	32	4	23	0	17	34	30	25	35	22	32	8	0	32	18	14	45	39	0	40	0	28	44	21	12	15	0	26	6	
39	4	34	2	23	11	40	0	46	46	0	3	18	0	36	16	10	2	12	44	7	3	0	48	49	1	12	34	10	0	0	29	38	29	11	30	28	44	0	4	27	0	0	14	21	20	19	27	19	23	12	44	30	25	47	25	19	7	0	26	0	28	29	16	34	12	44	44	13	1	32	36	39	32	0	34	47	5	1	6	6	1	30	0	38	24	8	34	8	0	47	0	1	44	26	8	3	0	9	11	
24	15	15	22	43	41	10	0	6	24	0	45	41	0	26	34	10	39	35	10	25	1	0	13	38	35	13	12	21	0	0	18	19	14	24	19	11	12	0	30	35	0	0	4	30	34	45	33	6	14	45	23	27	4	34	15	18	16	0	9	0	4	7	30	14	42	16	33	45	26	17	10	27	37	0	33	41	32	26	38	22	28	29	0	24	43	33	12	3	0	22	0	42	49	46	8	13	0	21	44	
41	0	27	25	27	25	0	25	4	30	0	0	43	2	0	31	11	19	40	45	23	0	34	10	42	0	0	36	6	47	0	2	26	32	16	0	6	47	20	41	44	8	41	35	0	0	2	36	39	42	0	7	6	33	36	23	10	22	0	38	35	21	30	0	0	34	0	10	45	0	0	42	22	5	29	6	0	10	35	30	0	0	0	39	48	33	34	0	25	14	1	0	17	20	28	2	0	4	0	10	
43	0	35	31	15	1	0	36	24	41	0	0	13	6	0	44	48	36	45	48	36	0	48	29	33	0	0	6	30	8	0	23	14	11	42	0	23	11	12	20	41	34	8	26	0	0	8	12	45	3	0	33	29	30	42	3	21	15	0	13	32	47	25	0	0	15	0	33	9	0	0	28	5	28	6	45	0	33	44	10	0	0	0	13	7	45	41	0	34	46	5	0	28	40	2	9	0	28	0	38	
22	0	27	6	28	8	0	35	38	5	0	0	13	36	0	39	31	24	11	25	6	0	23	3	14	0	0	1	24	46	0	45	47	33	20	0	31	43	17	15	2	12	38	5	0	0	2	41	49	19	0	35	22	30	32	41	20	29	0	43	23	49	44	0	0	2	0	24	38	0	0	43	38	33	42	14	0	36	40	11	0	0	0	41	27	40	43	0	20	6	11	0	14	17	3	41	0	33	0	13	
43	0	10	25	48	4	0	28	8	26	0	0	28	41	0	32	5	19	22	35	5	0	16	26	42	0	0	38	28	10	0	49	37	34	34	0	4	5	16	33	14	46	25	40	0	0	18	25	27	44	0	28	29	3	19	38	8	45	0	5	11	10	7	0	0	10	0	36	30	0	0	7	3	12	49	27	0	26	10	24	0	0	0	42	19	9	7	0	16	31	19	0	14	7	3	31	0	9	0	27	
12	0	4	19	31	47	0	26	25	37	0	0	17	32	0	6	11	37	37	5	2	0	42	29	45	0	0	27	29	34	0	8	36	31	40	0	36	46	10	8	7	36	25	23	0	0	20	49	48	7	0	33	21	21	17	17	46	11	0	2	38	11	39	0	0	5	0	8	21	0	0	23	28	1	41	43	0	43	25	5	0	0	0	1	17	5	1	0	17	35	4	0	30	28	49	7	0	3	0	49	
23	0	31	27	44	48	0	27	39	25	0	0	22	11	0	33	35	46	29	16	18	0	32	30	47	0	0	36	39	22	0	20	46	26	28	0	12	35	22	7	10	31	28	27	0	0	24	37	44	35	0	4	11	15	21	30	28	16	0	23	31	11	6	0	0	14	0	2	3	0	0	27	20	27	25	25	0	15	40	45	0	0	0	10	34	5	45	0	5	1	16	0	15	25	19	6	0	7	0	11	
17	0	37	39	34	4	0	38	26	11	0	0	2	49	0	15	1	45	40	14	8	0	3	19	10	0	0	23	29	29	0	24	20	10	40	0	30	48	19	27	26	33	42	36	0	0	35	20	28	22	0	23	37	34	32	12	3	38	0	10	28	44	39	0	0	9	0	6	38	0	0	19	12	1	37	28	0	40	10	40	0	0	0	19	35	35	48	0	4	19	6	0	11	47	2	9	0	21	0	18	
47	0	11	43	23	16	0	32	3	40	0	0	29	39	0	4	22	10	9	17	40	0	19	11	47	0	0	39	28	48	0	22	24	31	19	0	15	46	27	44	43	20	3	6	0	0	6	16	24	43	0	41	34	7	41	37	45	17	0	34	12	49	38	0	0	14	0	38	40	0	0	36	35	13	36	31	0	21	12	3	0	0	0	31	42	31	23	0	12	16	42	0	23	33	32	19	0	13	0	28	
20	0	30	35	8	17	0	20	18	14	0	0	28	49	0	23	26	14	25	43	31	0	31	48	31	0	0	31	16	7	0	25	45	38	27	0	36	24	16	37	34	34	9	39	0	0	26	38	43	37	0	27	23	37	39	24	43	6	0	8	6	3	48	0	0	46	0	36	26	0	0	29	36	35	34	46	0	2	40	10	0	0	0	18	42	18	26	0	20	45	41	0	2	8	4	18	0	48	0	4	
36	0	21	18	33	7	0	4	27	46	0	0	44	12	0	47	1	32	31	17	39	0	30	8	36	0	0	11	29	48	0	13	40	47	44	0	20	49	5	48	33	14	38	31	0	0	14	20	11	27	0	39	27	3	40	10	46	4	0	48	37	43	45	0	0	47	0	34	20	0	0	32	26	10	33	16	0	37	48	14	0	0	0	19	39	25	34	0	16	11	26	0	42	7	32	35	0	16	0	2	
