17	0	26	8	48	0	3	0	44	26	23	32	5	24	13	47	40	47	0	20	42	4	14	36	0	36	0	24	0	5	41	0	44	26	8	0	11	0	0	47	49	18	36	4	11	0	9	12	38	41	20	22	24	1	38	19	32	34	5	41	7	44	34	22	0	12	33	28	0	7	28	27	8	47	0	0	24	15	16	22	16	33	1	26	36	3	31	42	37	38	12	0	40	44	30	0	0	0	45	0	
0	4	35	37	12	44	1	27	12	0	44	33	0	2	33	32	35	47	0	0	6	0	3	36	0	11	48	0	0	0	18	36	16	10	47	37	30	0	21	10	43	17	12	38	42	0	4	48	13	41	11	7	17	0	34	38	23	0	10	0	6	28	0	7	33	9	18	39	28	19	0	1	5	49	7	0	46	18	33	25	18	48	24	6	0	20	0	21	5	7	20	13	33	18	37	43	45	5	22	38	
15	0	45	37	41	24	5	11	0	20	0	3	0	39	0	15	31	0	37	26	37	2	34	18	23	0	34	20	12	0	0	26	0	0	33	45	36	6	36	26	35	25	0	0	23	43	19	8	46	37	3	34	8	9	0	44	20	18	17	0	20	15	21	0	38	34	7	20	30	11	30	0	24	0	5	5	0	7	21	6	42	0	16	0	35	10	19	27	0	23	0	24	10	37	24	0	16	44	8	9	
38	21	20	5	0	0	49	27	0	23	34	0	23	45	0	18	0	39	0	3	6	15	42	13	0	11	9	49	0	3	46	2	18	11	14	24	26	13	27	27	13	38	33	9	4	27	28	31	12	10	46	9	39	31	30	8	22	42	0	11	47	43	2	18	44	0	4	40	39	28	22	39	0	0	0	43	0	0	38	15	24	0	46	15	21	27	38	48	13	22	35	3	31	0	0	23	38	25	9	12	
0	5	12	0	44	35	16	27	27	31	0	3	18	0	21	26	9	0	8	27	22	42	0	10	10	47	18	49	26	10	0	21	0	34	26	0	9	2	13	28	10	43	11	33	26	0	32	27	16	18	0	0	8	42	36	3	2	11	38	30	42	45	27	35	0	0	44	18	13	43	2	19	0	36	0	15	0	8	24	31	42	16	38	40	42	26	33	21	7	46	0	35	30	40	0	0	16	30	13	16	
5	7	30	30	10	45	15	17	16	0	0	9	26	11	5	20	0	47	37	1	0	22	0	49	0	47	21	0	39	0	22	26	0	3	13	0	0	18	8	10	5	42	18	27	12	27	19	16	28	0	49	40	40	0	33	12	14	9	20	29	44	17	20	46	49	4	48	0	22	21	45	23	14	20	3	33	44	43	47	11	29	32	33	24	9	46	40	10	9	0	0	33	0	47	2	0	10	31	0	20	
25	15	3	24	19	5	11	0	38	48	38	34	31	23	0	14	23	42	0	37	46	46	44	46	0	14	0	37	21	34	37	28	0	13	48	45	37	7	12	0	0	0	0	45	0	0	0	0	6	46	21	28	32	27	3	10	6	45	36	0	22	5	0	26	9	44	34	45	19	11	37	26	39	16	48	14	0	5	23	21	11	38	25	5	0	2	30	26	0	42	0	0	4	33	48	34	0	9	0	44	
17	8	4	22	0	38	13	48	0	19	22	38	39	37	18	43	0	18	21	0	1	12	8	0	44	45	37	31	29	0	11	0	0	22	42	21	28	15	48	29	23	21	20	12	43	0	0	43	28	0	36	48	0	4	31	26	15	0	0	0	0	4	13	4	18	11	10	5	0	48	39	0	41	10	0	19	17	0	12	26	22	36	0	7	0	25	39	0	6	5	0	40	28	34	23	15	15	19	14	0	
33	33	18	45	21	0	38	36	0	19	24	30	0	0	42	5	0	21	17	0	48	17	0	47	6	0	36	39	28	45	42	32	7	14	0	0	0	39	0	36	9	0	26	0	35	36	0	21	48	20	29	45	3	0	30	26	42	0	33	0	22	0	7	22	45	0	5	3	11	7	0	44	16	41	0	44	0	31	0	12	41	20	8	34	0	28	0	10	30	40	35	39	37	41	10	28	3	0	0	0	
0	0	0	13	30	8	0	47	44	0	25	0	21	45	3	0	29	4	37	20	0	0	25	16	42	43	7	0	20	31	0	49	43	0	22	46	2	3	35	0	45	22	3	8	35	46	43	49	0	37	33	5	38	49	0	39	45	27	36	1	48	0	19	17	17	48	39	49	28	30	0	46	49	38	34	0	17	12	27	22	13	28	37	0	19	12	3	49	0	41	18	0	20	0	25	37	10	8	19	37	
35	18	9	46	3	0	0	47	27	22	41	25	8	0	23	17	1	0	25	0	23	40	4	31	27	0	43	1	34	22	0	8	24	11	14	33	14	2	0	0	26	26	26	36	13	38	5	0	21	0	13	41	28	5	44	20	23	49	19	14	5	16	21	49	33	43	45	31	5	36	18	33	0	13	39	0	0	6	29	44	6	40	26	0	46	46	3	11	35	13	9	11	34	47	30	33	42	16	36	35	
47	46	13	39	22	0	30	25	0	47	0	8	35	27	6	44	13	0	7	45	42	7	48	36	43	7	8	0	28	33	30	35	24	1	46	41	6	38	26	37	0	0	9	9	12	42	13	0	0	0	45	8	47	46	20	0	40	23	29	8	0	16	17	34	18	49	0	14	0	11	0	17	23	20	0	41	0	30	12	38	21	42	32	39	0	43	15	37	0	12	19	19	40	31	19	32	0	12	31	11	
6	0	0	5	30	0	46	46	41	36	48	25	16	0	30	13	7	4	11	38	43	24	44	22	14	4	7	0	8	19	28	3	0	15	0	0	17	40	7	27	0	40	16	21	0	41	35	0	24	15	0	34	45	11	18	47	0	22	4	27	21	21	28	40	4	47	45	34	22	27	0	32	0	41	0	4	26	27	10	13	14	0	8	28	14	14	0	28	22	10	10	27	0	0	41	25	40	33	0	35	
0	0	30	0	49	0	34	18	19	29	37	0	32	7	0	24	28	38	32	35	12	0	29	9	23	2	48	0	35	28	21	0	0	15	23	0	43	45	19	0	8	47	3	0	20	31	47	0	47	29	30	40	43	25	6	35	3	38	24	37	24	41	0	4	10	34	37	4	47	12	30	18	20	13	27	30	0	45	10	0	45	39	30	34	32	22	36	0	15	0	16	19	29	10	46	27	47	33	0	3	
39	13	0	6	0	7	44	0	10	47	40	45	7	36	47	0	5	11	43	0	0	11	23	8	27	43	8	39	44	42	43	21	17	25	17	2	45	2	10	14	0	0	28	26	8	24	13	0	49	3	16	42	23	21	0	38	31	46	0	49	36	22	38	27	0	44	12	0	27	32	22	3	43	0	47	4	9	12	9	42	0	32	26	22	0	19	34	43	43	7	17	1	44	43	38	0	17	41	0	0	
16	29	48	46	0	15	0	38	22	0	0	35	37	14	30	0	46	29	9	0	38	32	20	0	8	40	41	45	26	44	20	32	13	39	17	12	20	18	20	43	22	14	9	35	30	14	8	0	20	8	20	20	0	25	19	20	0	30	16	13	14	47	21	41	4	36	0	41	0	0	45	3	9	48	22	0	31	9	10	40	31	0	32	11	37	21	4	14	9	8	0	1	8	0	4	26	1	45	16	0	
49	46	37	21	0	0	7	48	0	29	0	46	0	12	14	31	0	26	18	0	32	1	35	8	13	17	46	0	45	31	13	4	44	0	0	0	45	12	17	13	0	0	44	17	4	5	24	5	48	21	0	15	33	8	48	5	7	5	23	19	1	23	5	23	49	0	32	23	0	0	48	0	3	43	38	40	46	49	0	16	14	34	22	47	0	39	3	43	49	44	39	39	1	29	41	0	21	25	45	34	
35	46	13	0	23	11	0	20	15	0	17	43	6	0	0	48	0	37	32	4	15	49	0	35	3	30	33	16	0	25	48	0	0	27	0	12	13	0	14	23	23	34	43	26	15	9	6	0	25	35	37	43	0	33	33	0	24	7	33	36	30	0	0	2	7	19	4	0	10	17	14	14	38	23	13	0	40	9	9	0	3	44	43	43	0	22	30	5	11	49	8	45	23	5	23	30	49	20	29	0	
32	47	14	41	0	0	20	46	24	17	28	47	42	43	42	26	37	33	28	0	49	28	6	38	9	35	47	37	7	17	0	44	10	0	27	32	19	0	15	7	25	0	14	25	0	33	25	15	34	16	0	0	0	14	42	20	24	45	9	0	33	4	0	21	37	12	0	14	15	5	33	46	40	0	36	0	15	23	10	49	11	15	0	0	21	28	21	0	9	32	24	23	39	8	13	23	22	0	33	14	
0	44	9	49	0	34	7	0	45	0	47	12	4	3	11	4	39	16	29	6	31	0	1	34	47	26	0	26	49	42	0	0	14	25	15	40	9	7	46	22	0	49	15	0	30	16	31	39	0	32	32	0	16	29	28	12	0	0	5	6	5	4	39	35	12	44	38	9	21	0	49	25	25	41	0	18	12	39	21	42	37	16	42	8	0	20	6	0	9	0	15	41	24	6	31	9	10	42	41	2	
0	0	35	0	0	14	0	49	0	29	49	31	10	30	0	37	11	0	46	43	48	0	30	16	49	0	2	0	0	27	43	0	35	21	4	37	4	0	34	21	41	24	0	20	0	35	0	2	34	13	17	48	49	12	49	20	3	3	5	33	41	0	33	36	0	14	28	9	41	0	14	14	34	33	14	26	49	16	30	4	0	45	16	49	5	27	9	0	37	25	29	0	0	39	10	16	11	24	0	44	
19	16	43	44	17	15	9	20	21	16	5	0	40	34	6	46	0	42	24	0	16	6	31	0	32	0	30	43	21	9	6	49	39	46	43	30	5	0	18	34	40	45	12	48	12	17	0	47	4	11	44	5	32	32	30	39	33	15	28	0	40	22	37	9	30	16	20	5	24	30	1	0	44	5	2	10	38	10	30	1	22	12	7	37	37	18	7	8	5	30	17	44	4	1	0	43	0	0	22	20	
44	5	29	33	27	44	27	0	6	22	0	46	19	29	11	0	25	39	6	7	7	5	14	3	49	20	35	4	0	9	0	33	4	37	36	42	31	34	37	43	35	36	6	13	33	43	0	23	27	5	13	46	4	49	4	3	27	49	41	29	32	46	42	20	8	7	0	0	0	27	34	8	27	10	48	20	0	5	34	27	29	0	34	13	0	0	1	31	35	19	0	1	35	42	1	16	4	6	18	6	
19	24	8	34	35	25	47	17	42	0	49	0	6	45	5	18	7	20	8	20	5	22	19	23	0	0	0	0	32	39	0	40	30	20	36	26	24	16	37	23	9	36	2	23	0	2	27	9	32	49	0	34	2	30	0	32	38	39	46	13	0	20	49	0	15	6	8	11	38	16	14	25	21	29	24	28	45	1	41	44	15	15	47	30	31	34	34	0	15	22	0	40	16	35	6	40	34	0	17	33	
49	3	9	13	0	0	13	0	8	14	10	31	29	24	8	8	13	7	45	25	40	0	47	2	0	20	20	3	42	0	17	30	3	12	39	1	25	28	0	0	8	0	0	24	20	0	11	0	0	39	7	0	6	46	19	21	21	0	40	44	0	17	2	38	24	39	22	26	29	35	1	42	19	0	20	0	33	4	4	1	48	43	14	31	29	0	44	24	40	21	29	0	0	17	0	41	5	0	39	0	
34	46	0	12	6	38	30	9	47	44	47	16	14	36	27	0	0	14	35	36	37	0	0	31	10	36	37	16	0	38	2	14	3	42	32	0	32	11	17	9	0	22	41	47	27	1	0	9	22	5	2	26	0	0	35	43	47	25	24	0	46	46	35	0	47	0	23	3	3	34	15	13	14	12	0	4	38	19	46	6	39	0	14	6	30	0	38	21	24	7	20	30	26	44	24	44	0	1	0	3	
36	0	46	18	8	0	43	10	35	16	45	36	49	3	7	3	17	23	0	20	25	9	0	22	33	37	37	5	48	44	45	28	5	44	0	12	29	43	19	0	19	0	6	25	3	9	12	49	25	8	36	33	32	30	14	15	37	26	10	27	43	13	0	12	15	10	38	17	37	42	18	10	0	30	28	38	15	14	40	0	36	20	37	3	0	29	40	18	24	5	0	41	49	37	15	34	0	13	23	15	
49	0	0	0	18	33	43	14	21	2	40	35	34	18	5	0	18	0	0	30	29	16	15	47	13	44	36	0	0	12	37	20	24	0	25	30	22	16	36	6	21	0	44	36	44	33	7	9	30	0	19	5	24	4	33	0	28	44	20	0	6	28	46	21	0	22	27	16	28	22	42	22	41	0	33	12	43	13	23	32	0	24	42	23	15	0	3	31	6	26	39	23	29	41	28	8	31	1	28	0	
12	22	1	34	0	47	0	18	29	45	0	16	22	10	32	15	28	9	13	0	47	16	41	7	0	3	0	15	13	49	29	37	38	6	35	30	28	11	38	41	24	24	42	33	30	27	21	4	31	2	24	6	25	10	49	0	6	21	29	41	28	37	2	2	40	31	2	39	5	19	0	40	27	18	49	39	0	6	3	0	0	45	26	43	30	28	3	0	2	40	0	39	49	0	9	22	0	0	23	25	
34	0	38	0	29	16	34	11	15	43	1	21	34	38	24	0	0	26	12	40	0	22	0	28	0	34	27	0	38	0	44	39	38	0	1	31	21	40	0	0	0	6	35	48	5	0	0	17	6	0	28	0	41	0	46	0	11	17	9	47	11	46	0	0	5	43	0	0	0	32	30	0	36	25	26	13	0	0	42	0	35	27	0	33	13	23	39	42	0	23	41	7	30	30	0	20	49	0	0	29	
3	24	39	49	28	3	17	33	15	0	23	0	0	39	2	39	43	24	8	0	10	0	30	47	12	0	32	12	42	39	8	38	33	35	12	0	18	9	34	2	25	38	0	6	0	0	33	33	0	48	33	20	19	41	13	13	49	0	16	1	44	41	0	0	0	16	0	11	3	10	31	0	1	37	36	3	14	0	0	15	32	0	32	8	17	0	27	35	12	7	4	29	40	49	7	0	20	0	0	27	
21	11	9	30	38	6	0	30	48	34	2	0	9	25	27	48	0	43	0	48	4	29	35	17	3	0	29	47	27	32	22	44	7	8	35	47	43	30	41	0	25	0	47	0	0	9	34	27	24	0	36	0	19	45	20	22	6	19	3	0	46	19	45	39	40	0	49	32	43	48	41	44	42	27	20	33	44	8	2	0	49	6	1	3	33	22	0	21	38	23	48	40	13	35	26	12	9	7	10	38	
27	35	36	40	13	45	16	16	1	26	44	24	44	32	0	21	35	13	14	0	9	3	31	39	0	33	29	40	36	48	19	2	0	23	22	31	20	0	0	0	41	14	49	29	0	26	4	9	34	16	40	49	20	0	36	14	10	32	24	0	33	46	0	16	5	4	13	33	6	34	40	0	42	18	25	0	28	0	0	10	25	0	15	0	16	0	31	29	38	0	16	48	28	12	7	22	39	14	48	1	
7	27	18	4	43	47	39	4	14	0	0	0	29	48	26	25	27	19	44	49	15	31	4	0	11	12	0	27	43	0	32	21	20	43	34	8	4	28	44	6	35	3	45	11	0	35	36	0	23	12	19	39	42	45	17	0	44	16	18	41	28	43	24	7	36	0	0	31	16	0	15	17	25	40	0	2	46	9	16	20	17	14	45	5	0	35	33	45	29	16	34	4	12	2	16	15	39	28	11	31	
44	0	18	0	22	0	22	18	0	25	33	16	45	4	11	39	41	44	15	13	25	24	33	25	5	0	34	26	33	22	25	0	29	27	25	27	0	0	14	49	10	47	36	0	3	9	43	41	43	17	23	1	37	24	28	31	33	5	48	3	27	27	18	10	0	24	0	41	46	27	8	44	40	14	49	44	5	47	2	17	43	48	43	0	23	44	16	0	8	41	8	7	0	31	23	23	7	14	27	35	
0	40	23	0	39	18	15	45	1	0	0	0	29	39	14	22	40	18	44	25	0	42	16	0	39	46	29	36	27	20	18	0	2	43	41	0	33	4	0	0	26	36	3	0	36	35	14	10	42	11	43	2	31	30	37	23	48	42	0	17	3	21	0	18	49	11	27	10	37	37	38	11	45	34	37	41	40	29	32	24	37	15	45	6	26	0	10	44	45	16	45	29	37	26	30	3	20	17	39	45	
48	0	0	0	22	0	42	6	33	45	3	43	19	24	19	0	23	11	11	0	45	48	17	5	1	49	12	8	19	39	5	40	29	0	0	16	45	0	12	39	35	21	0	0	6	3	5	0	19	32	35	45	0	49	25	23	0	22	24	0	11	33	18	13	35	18	0	30	43	39	24	0	45	2	0	0	47	46	0	29	0	2	26	2	0	31	37	20	33	0	1	34	20	47	0	6	9	0	32	0	
37	0	5	0	48	0	40	33	0	7	0	0	0	0	44	26	1	0	0	33	8	15	12	7	21	37	0	27	24	0	4	25	40	7	40	48	0	46	23	3	1	0	26	26	3	37	3	9	30	0	28	0	16	7	46	36	0	30	0	21	0	34	15	6	19	34	0	2	9	47	25	2	39	25	6	27	47	16	5	42	30	48	22	0	0	30	6	38	21	32	28	2	37	28	0	37	18	0	7	44	
0	0	0	48	17	49	32	25	10	46	25	1	35	42	0	0	43	38	37	0	0	30	41	36	1	0	0	40	6	27	11	30	0	34	30	11	14	13	45	15	19	39	2	25	0	7	23	0	6	36	8	0	43	1	29	0	40	35	16	9	26	18	41	0	3	0	0	13	9	44	10	26	0	44	10	0	43	12	6	24	16	0	21	7	48	7	26	22	0	25	0	0	15	4	27	31	36	0	0	25	
0	0	0	42	22	15	0	0	46	0	20	15	12	27	0	37	0	31	28	33	48	18	1	44	22	39	39	23	34	42	15	14	0	0	25	5	47	40	26	9	25	4	0	7	44	9	5	23	44	26	7	0	37	4	27	36	10	0	0	32	19	0	12	30	49	15	40	35	7	41	8	0	0	0	32	8	3	0	0	0	29	0	0	17	18	2	15	22	0	16	2	22	29	0	0	0	39	31	5	11	
24	0	30	25	15	47	27	44	47	12	41	47	49	36	16	0	0	28	43	45	10	0	39	2	0	14	15	0	31	33	15	0	22	0	24	0	0	14	28	2	8	8	0	2	0	25	49	32	27	39	7	0	46	0	25	27	27	41	44	9	28	0	12	23	0	15	1	9	22	0	49	9	35	15	14	0	49	33	12	3	0	36	31	40	14	0	16	0	3	9	11	44	48	37	47	18	5	0	16	28	
44	39	43	26	47	43	0	38	30	0	36	27	34	31	41	18	0	8	0	37	42	36	38	0	12	0	38	0	45	48	38	37	27	39	0	0	39	19	0	9	7	22	46	33	2	16	24	39	29	21	0	33	0	8	36	0	45	1	24	0	9	0	0	47	0	12	0	0	30	39	1	40	6	22	3	48	8	0	17	0	0	6	36	0	48	0	41	28	36	49	40	23	30	5	0	30	0	24	0	0	
5	29	32	40	37	37	0	22	15	14	0	19	34	23	0	1	6	25	27	23	18	4	14	31	0	0	47	15	22	46	46	46	47	27	24	0	49	32	36	43	26	15	19	0	19	31	0	0	10	47	12	0	6	37	0	9	44	27	23	39	34	25	42	27	4	42	18	47	35	2	5	29	9	15	26	48	5	17	32	0	20	4	35	42	0	0	48	20	36	16	10	45	0	13	42	0	0	7	37	6	
37	0	0	2	43	13	20	0	37	0	26	34	24	14	0	0	48	0	21	26	42	0	18	0	1	17	24	7	6	10	33	7	49	0	45	0	7	12	0	0	42	23	21	10	13	0	7	42	0	17	0	30	23	49	33	18	48	12	8	38	41	4	41	18	11	22	18	35	2	49	34	17	26	12	20	41	43	7	33	10	24	43	5	21	0	7	2	20	20	35	14	27	5	20	2	0	33	6	18	11	
0	5	35	43	32	19	4	23	0	44	27	10	23	0	0	24	43	5	0	24	0	7	11	34	44	0	40	5	0	5	7	18	25	0	0	27	48	34	5	43	8	48	11	0	38	1	44	28	0	23	13	0	31	0	0	13	0	0	15	17	16	26	2	9	44	18	36	45	47	3	30	48	30	46	34	0	0	5	36	17	9	13	49	5	46	29	36	30	0	29	39	8	35	47	22	6	19	0	0	1	
42	23	33	15	9	39	35	3	9	15	13	0	27	0	0	3	25	0	34	24	0	30	34	34	0	32	23	36	45	26	9	16	28	0	14	0	24	2	11	45	0	5	18	41	29	0	0	24	11	23	20	2	43	21	0	0	0	23	46	48	21	5	0	20	0	0	0	33	22	39	14	0	9	45	10	0	41	6	5	0	46	44	44	0	43	25	0	37	15	0	5	5	18	43	37	0	28	0	6	44	
46	0	0	0	13	32	38	44	15	8	0	34	17	31	0	0	24	1	4	23	23	37	1	43	48	8	9	27	0	49	0	4	11	42	8	0	48	5	17	12	6	38	6	39	11	23	13	32	33	0	47	41	15	41	44	5	3	0	25	0	30	25	37	47	2	30	10	34	25	11	47	23	47	0	0	21	26	0	23	26	33	41	12	25	49	46	0	32	14	25	0	37	41	44	37	41	43	35	31	3	
2	17	10	5	14	36	0	49	33	45	45	23	18	47	12	44	48	23	24	25	0	18	42	47	5	30	47	32	49	0	0	17	24	31	24	24	43	2	38	32	8	15	17	48	0	0	0	26	27	47	22	0	41	26	11	11	7	40	0	0	32	28	33	3	27	21	35	36	15	21	7	14	34	21	0	27	4	32	0	0	0	7	37	3	44	0	17	10	22	18	36	0	22	28	24	0	17	9	2	12	
22	32	13	0	6	28	18	0	38	3	8	39	2	13	2	40	25	2	6	34	22	0	30	48	22	12	48	0	23	0	17	49	45	44	9	31	46	0	8	22	37	27	7	0	36	22	27	47	27	43	32	0	15	3	17	6	20	37	19	47	45	25	31	4	8	9	0	1	0	0	7	11	18	7	16	11	45	11	45	4	0	0	17	0	20	0	48	22	31	0	0	12	33	45	17	32	44	5	41	0	
19	34	47	9	14	40	0	30	0	41	20	10	22	0	31	10	46	17	0	4	45	38	3	19	18	22	29	24	6	28	19	0	20	26	18	30	3	21	4	33	49	47	10	46	12	19	27	0	22	0	26	0	19	0	8	29	4	0	0	0	31	2	27	35	5	47	29	34	4	1	0	0	2	30	6	18	29	30	3	36	0	22	6	19	0	0	12	23	30	37	0	3	0	46	11	0	0	17	15	12	
12	32	0	0	2	40	38	19	0	21	49	48	8	0	0	4	45	48	28	32	49	45	18	34	20	0	18	19	39	43	0	10	43	48	18	30	0	38	29	44	1	41	25	43	0	37	1	33	28	10	0	48	10	44	0	9	4	45	4	25	46	0	20	0	23	0	10	39	30	0	3	25	0	0	29	47	48	9	17	8	22	3	0	25	30	28	21	41	21	19	0	21	31	13	29	30	42	35	16	5	
45	35	18	38	22	19	13	0	7	0	14	5	40	6	42	0	0	1	0	2	0	6	0	31	43	23	13	35	16	0	39	41	39	0	0	26	22	0	10	0	0	9	28	27	28	47	42	28	42	11	0	35	0	48	0	43	44	42	32	12	1	0	6	6	8	29	13	48	19	28	0	0	44	0	21	40	32	0	35	31	33	16	41	41	45	12	26	17	44	3	0	4	47	0	31	43	0	7	0	6	
3	32	15	18	14	17	7	11	28	16	29	9	41	45	0	43	7	14	31	40	26	15	27	37	36	49	44	0	43	12	26	0	10	12	27	33	0	30	0	16	41	35	0	21	14	0	9	11	0	46	37	14	29	42	25	36	1	20	36	13	4	4	2	0	30	45	36	0	21	10	38	19	42	6	43	37	42	38	0	0	43	40	43	26	22	21	32	10	43	13	0	0	27	47	0	26	3	0	0	33	
48	35	33	13	26	3	28	45	22	39	25	4	38	8	47	20	36	17	5	23	40	0	0	47	39	23	33	34	20	0	14	6	2	0	48	33	42	43	30	33	46	24	22	24	42	0	6	0	5	22	0	9	29	8	25	29	41	18	4	16	9	7	12	0	37	0	8	8	21	17	26	31	0	31	19	17	38	49	48	46	22	7	0	30	0	0	25	15	0	0	42	43	47	15	24	22	11	10	4	4	
8	0	0	25	47	37	29	0	0	45	6	25	0	28	24	19	17	0	4	0	0	26	17	30	39	33	41	0	9	0	0	39	0	37	0	31	5	34	21	32	35	26	39	15	47	29	3	24	14	0	21	27	42	14	21	2	34	38	0	10	40	9	28	5	13	18	16	49	0	31	25	47	0	41	24	9	0	4	47	39	46	28	0	42	45	0	32	10	13	25	29	5	0	48	0	41	0	8	49	0	
47	2	21	0	19	26	19	25	2	16	30	30	13	7	0	29	0	9	25	41	22	28	17	0	48	14	7	35	42	0	39	33	10	0	40	21	0	18	31	39	0	11	21	18	0	22	12	45	31	5	48	25	0	0	30	48	0	38	31	12	34	23	14	23	31	19	0	26	11	6	0	0	42	40	30	7	21	36	27	14	41	43	28	42	0	3	6	33	41	22	7	22	21	9	0	22	41	9	7	0	
22	45	7	0	22	17	24	0	0	7	37	0	0	10	6	40	23	0	32	46	7	0	46	44	43	20	6	0	29	3	0	0	7	18	0	43	46	8	47	0	22	3	5	13	0	45	21	25	37	49	0	24	7	3	0	0	19	0	13	19	0	10	18	0	12	15	5	0	2	45	21	34	0	34	46	42	25	22	0	0	2	27	13	18	0	3	0	0	21	9	45	27	0	18	30	40	0	25	0	0	
25	42	16	0	22	2	16	2	10	38	21	13	6	0	43	6	35	35	47	14	1	25	30	16	39	9	15	0	37	0	6	0	29	1	0	19	0	1	8	39	38	19	0	38	29	28	0	0	39	0	41	39	28	44	34	21	0	37	40	6	0	26	28	10	43	49	18	0	13	3	49	20	27	31	22	21	0	0	36	12	33	47	18	8	28	33	27	20	35	0	32	0	33	31	16	0	48	0	4	7	
42	38	47	21	2	33	12	33	46	2	33	29	13	6	49	46	49	6	21	0	0	17	7	22	13	27	2	0	19	39	34	27	11	26	0	2	19	43	33	13	36	27	3	11	37	0	7	18	4	35	47	38	31	0	40	22	0	9	37	3	33	34	0	3	22	1	40	21	0	32	45	2	0	18	34	17	7	0	12	0	0	35	15	0	47	10	8	33	0	43	29	36	17	44	0	49	12	36	30	33	
42	12	0	27	6	38	14	0	33	9	0	46	28	20	48	0	0	0	26	9	0	0	28	0	3	14	15	0	5	19	5	10	43	15	46	40	7	3	0	31	11	0	5	7	30	49	21	0	0	7	1	25	39	3	14	33	18	48	39	47	26	5	18	48	0	27	42	30	0	36	24	0	12	26	43	0	8	2	23	37	0	25	49	6	42	43	41	0	15	23	46	47	0	14	39	26	37	0	26	37	
4	29	0	29	36	14	46	46	44	8	9	21	5	26	24	18	0	32	49	41	40	39	15	0	8	46	27	15	0	26	7	23	20	0	0	1	48	0	9	31	26	11	0	1	0	8	13	22	39	40	35	8	4	35	11	6	40	11	1	0	39	37	0	1	19	19	30	24	0	12	37	17	22	34	23	18	0	48	35	9	16	48	36	32	4	36	7	47	22	6	17	34	0	31	9	37	39	36	14	5	
11	4	25	18	32	1	48	2	28	49	18	33	1	10	21	27	13	45	30	0	30	34	0	40	1	11	0	9	3	17	47	12	40	0	11	3	13	45	37	43	2	10	11	28	46	13	0	0	22	37	49	0	8	3	8	7	0	2	0	29	3	43	45	30	27	41	27	26	19	8	0	49	0	44	0	22	19	29	2	29	37	29	18	5	21	45	12	4	0	0	49	40	21	16	12	34	10	6	33	22	
48	13	4	5	49	26	15	22	12	29	0	35	4	30	5	15	43	21	35	1	10	11	27	28	37	0	45	3	38	31	16	16	46	7	9	28	23	0	13	19	33	2	12	7	10	23	0	48	4	36	41	42	0	0	0	0	19	38	42	46	11	0	41	44	32	41	35	1	9	16	0	44	8	39	4	0	48	38	5	37	45	19	29	16	11	1	16	23	33	10	16	0	6	46	13	0	22	25	21	42	
8	20	41	23	0	8	46	43	23	10	25	14	41	10	28	6	1	32	0	25	43	47	35	0	0	13	41	42	5	19	6	34	30	37	28	47	1	38	0	16	37	46	15	4	34	11	11	28	36	0	33	35	43	15	0	32	12	0	33	0	47	15	13	45	46	0	2	43	26	38	0	38	2	13	0	18	45	46	17	30	22	47	4	13	0	36	0	40	8	31	10	22	31	11	42	49	21	43	37	0	
38	19	11	1	8	0	32	13	44	42	16	44	33	41	0	15	2	4	43	15	0	15	30	42	0	35	44	48	23	29	21	0	27	0	10	11	37	12	20	0	0	28	8	0	47	36	14	6	21	0	2	17	2	0	4	17	46	5	40	21	43	30	40	38	7	2	0	34	43	36	12	2	7	0	19	0	37	26	12	22	42	41	1	0	23	20	0	16	46	0	0	0	0	35	47	46	0	9	12	3	
7	19	36	28	14	45	30	36	30	6	39	31	0	34	49	29	10	42	0	38	44	3	30	15	27	19	7	12	27	21	8	2	25	16	4	44	30	15	3	27	30	0	0	39	26	8	17	11	43	44	36	30	0	49	42	26	9	15	38	6	23	45	0	1	40	44	30	21	14	22	10	27	1	26	6	42	45	9	36	14	33	0	14	49	42	1	0	29	14	38	35	15	47	29	4	0	8	0	11	0	
41	10	23	10	43	20	8	0	28	0	18	11	32	27	43	27	4	0	5	0	9	46	37	25	39	47	46	29	12	32	7	31	38	32	12	9	28	11	0	45	46	35	1	17	0	41	34	15	36	22	0	30	41	0	0	36	48	0	1	0	48	11	44	27	14	31	0	14	17	14	3	23	11	12	26	20	27	0	7	32	38	11	25	1	6	19	5	23	46	45	18	30	15	14	23	47	31	41	3	39	
14	0	0	29	17	6	28	0	0	38	0	30	3	5	0	26	0	1	38	37	31	0	28	0	19	6	30	13	11	0	7	30	1	0	15	24	45	43	41	14	15	30	32	1	44	0	0	0	18	1	6	0	10	39	2	47	0	30	0	34	49	44	49	9	39	2	48	8	0	1	13	19	48	28	25	14	20	0	21	20	0	25	0	0	26	32	24	27	32	5	0	0	16	7	4	0	39	0	0	11	
18	39	35	16	17	29	36	0	30	26	1	27	0	0	26	0	0	0	40	33	17	43	6	5	47	29	44	36	19	10	15	12	17	19	7	3	39	0	31	37	35	47	6	27	15	43	7	34	38	7	9	21	42	34	30	28	36	14	23	41	18	28	9	13	3	0	0	22	30	0	33	30	36	26	5	32	22	22	22	8	1	0	20	14	11	38	24	31	0	0	24	0	42	0	14	9	0	0	43	47	
35	28	44	0	0	5	0	49	0	48	0	35	35	14	0	0	4	42	19	34	9	26	26	23	38	12	7	38	28	43	5	0	38	38	44	9	49	47	44	8	1	0	14	3	0	2	39	20	31	6	35	0	33	12	36	26	7	7	11	20	5	46	18	4	8	2	21	18	2	0	30	12	18	11	0	45	0	35	5	0	3	0	42	28	8	42	49	14	12	29	23	43	44	30	48	10	25	1	42	49	
36	5	41	0	35	32	29	26	0	0	36	27	0	39	0	42	6	35	44	30	4	13	6	42	26	0	15	47	26	5	12	0	0	25	19	0	39	1	45	0	49	22	0	33	44	6	28	1	22	38	24	11	0	41	20	28	0	32	32	0	42	3	41	17	0	0	46	37	0	14	36	35	41	25	13	20	48	13	8	0	26	16	17	18	27	0	0	13	0	0	45	28	35	27	31	0	46	4	0	41	
35	7	24	11	4	4	39	29	31	42	28	0	0	33	0	0	9	32	47	0	18	27	1	48	19	38	40	29	36	39	39	5	3	0	26	5	5	19	37	4	0	31	17	37	16	37	0	14	42	4	44	0	18	14	0	43	32	15	14	31	6	0	0	27	23	0	0	43	0	23	28	8	0	45	43	16	8	35	25	0	18	33	3	36	23	7	21	0	47	37	22	8	43	39	18	27	46	35	40	0	
2	1	41	23	33	7	49	0	26	27	0	15	43	0	18	0	0	30	8	26	0	19	29	22	34	4	0	10	13	27	0	0	46	0	34	0	41	2	0	24	0	33	2	10	0	29	0	12	49	25	18	33	21	45	24	14	46	0	15	25	49	32	17	39	6	39	0	17	46	41	17	45	46	10	25	14	0	14	32	46	0	2	4	5	35	0	46	15	38	44	43	30	30	0	28	20	21	24	17	43	
44	46	1	43	27	45	34	35	2	7	0	41	46	43	17	0	0	20	0	7	37	0	20	2	32	45	0	0	13	43	0	5	0	0	26	45	16	0	7	27	6	21	43	35	16	34	43	18	23	26	25	42	40	2	0	24	0	47	47	1	4	7	41	9	0	16	0	18	0	44	25	22	43	23	28	30	40	16	41	0	37	0	0	12	0	19	30	0	0	0	0	6	0	17	42	0	0	43	24	0	
5	23	34	31	35	7	0	6	5	39	48	29	41	19	36	34	21	17	23	48	0	4	34	45	16	28	29	9	44	28	45	47	25	0	23	21	13	26	10	0	0	43	45	39	0	4	0	14	17	2	8	0	11	0	0	15	0	6	12	33	1	24	47	8	9	18	0	3	42	33	47	13	7	46	2	49	30	13	0	34	10	36	0	37	48	29	12	0	17	0	27	23	0	32	0	0	27	0	13	35	
0	29	6	16	40	0	39	0	0	37	14	28	6	35	21	22	26	23	40	11	19	20	26	38	4	25	17	39	16	0	15	0	21	3	47	40	20	16	0	0	43	35	0	0	1	0	19	31	34	0	7	0	6	29	3	15	25	8	28	49	46	28	0	28	34	12	12	21	17	28	0	9	20	14	21	49	0	0	0	39	0	26	11	16	29	16	0	27	12	23	39	0	21	22	19	0	38	1	32	34	
0	0	24	32	0	47	26	5	3	0	3	10	0	12	21	26	0	39	47	9	7	34	24	11	39	24	15	17	40	46	43	0	41	0	0	45	14	19	32	5	0	32	49	24	21	0	47	0	47	41	0	47	43	3	27	6	25	31	6	14	49	0	0	0	42	38	9	2	0	18	48	0	47	19	40	15	13	12	46	15	10	0	0	36	1	12	42	23	38	17	41	47	29	37	35	0	23	37	0	8	
41	0	35	2	49	0	0	17	39	4	39	43	0	0	25	39	26	36	30	23	0	48	0	7	30	0	40	16	9	25	16	26	8	16	21	25	5	27	49	21	38	8	8	33	11	9	19	15	14	19	39	39	34	36	19	41	32	15	22	42	16	25	31	24	45	14	47	48	0	7	22	20	8	30	8	10	0	10	40	0	0	27	24	10	22	0	25	28	5	0	23	39	14	11	49	16	36	0	0	30	
14	0	38	3	22	30	0	24	16	45	33	43	12	0	37	17	42	41	34	5	9	41	13	6	38	34	1	21	0	45	0	6	30	0	47	26	0	15	48	4	25	11	0	40	15	5	23	41	30	18	3	39	0	27	41	30	44	0	6	0	11	11	25	32	26	22	0	43	49	4	0	4	32	42	10	0	0	0	0	27	1	37	0	40	1	7	28	29	0	4	39	43	20	0	0	0	0	35	48	15	
5	0	39	8	44	37	32	0	2	43	0	22	0	48	28	31	12	32	8	27	3	31	23	19	0	36	30	7	25	45	33	28	21	17	16	11	11	1	0	0	22	29	28	37	23	8	7	33	7	35	0	0	39	11	29	0	0	3	21	10	25	36	3	10	23	0	34	38	18	0	26	29	12	23	0	0	15	26	0	22	0	20	21	42	11	4	12	0	16	19	35	31	0	28	0	48	37	47	24	19	
5	45	0	0	40	45	2	17	40	27	33	0	33	46	18	49	16	4	34	0	0	23	17	18	2	0	27	0	0	0	0	44	7	2	26	43	1	35	24	4	35	43	0	33	19	20	7	0	0	49	12	0	34	25	49	49	16	41	49	19	12	0	7	0	41	0	31	5	8	42	28	17	3	0	21	0	5	0	31	30	46	27	7	44	12	10	44	46	36	0	0	24	32	45	42	4	7	36	23	0	
34	25	26	25	22	37	42	28	34	44	48	9	16	30	11	29	13	17	46	0	27	23	12	0	26	38	31	11	26	11	16	0	22	8	16	39	27	8	44	39	32	17	12	1	40	39	46	16	0	42	10	39	20	5	3	35	2	0	7	8	0	0	29	0	28	49	31	22	46	46	15	18	25	8	41	43	21	40	45	13	27	18	5	13	35	43	11	40	21	13	39	0	12	26	44	8	28	22	41	4	
14	43	48	14	0	17	46	0	16	43	32	42	42	0	42	47	28	45	47	0	5	40	43	47	40	2	44	14	6	20	24	41	48	34	33	11	45	42	28	0	0	18	42	0	21	0	9	0	8	0	44	20	5	26	27	32	49	2	40	0	38	33	0	6	0	0	44	13	10	7	32	42	27	27	48	0	49	32	46	44	0	22	19	37	21	0	33	0	48	4	31	9	24	15	9	31	17	22	11	25	
38	24	1	20	0	0	28	27	0	31	0	42	18	33	0	33	0	19	0	1	33	0	10	46	37	36	25	28	0	0	10	28	16	0	3	31	0	28	43	32	39	45	0	0	24	35	17	41	5	3	23	9	10	10	43	31	3	5	11	18	12	20	32	29	22	0	0	17	20	4	41	34	41	39	0	29	7	17	32	0	10	43	0	9	48	44	0	2	29	14	0	0	45	21	0	33	44	0	1	34	
41	0	25	0	0	40	37	36	33	24	0	26	18	31	0	0	22	25	49	20	0	9	37	8	19	17	11	37	38	8	26	0	39	29	38	42	2	46	18	1	31	5	0	4	0	29	14	0	17	39	0	42	48	0	0	36	40	0	38	35	45	0	0	0	20	0	25	29	0	21	17	42	10	5	0	23	0	46	1	21	0	7	0	30	42	12	40	10	24	35	34	19	0	13	49	21	21	15	22	3	
0	22	11	0	42	45	32	4	0	0	28	49	27	14	43	17	46	22	30	39	29	35	20	47	0	30	23	21	31	16	0	13	3	17	28	29	18	31	16	21	39	14	34	0	14	0	9	26	46	22	1	0	11	27	18	23	46	23	41	47	0	0	18	47	0	39	41	16	21	27	49	22	0	44	9	28	21	48	43	0	15	49	0	24	0	49	6	0	26	19	38	27	20	1	11	44	8	34	4	26	
0	0	0	0	0	21	8	40	5	29	23	3	0	13	23	16	31	37	38	0	0	38	37	2	21	6	0	8	39	3	4	2	20	7	44	31	15	24	24	1	36	24	25	4	42	33	48	17	21	7	0	3	0	31	4	18	39	48	0	0	0	0	0	30	43	48	43	8	27	46	0	0	30	34	29	1	0	18	32	15	44	40	14	40	24	12	0	0	18	0	10	0	0	16	32	0	1	3	26	1	
0	13	15	0	48	0	1	0	35	27	36	19	32	40	36	0	28	21	0	37	0	0	24	17	20	22	36	17	0	0	41	0	0	26	44	0	8	15	0	0	11	30	43	31	34	26	40	26	6	1	4	4	25	15	7	15	6	46	31	0	36	31	34	32	29	6	26	5	7	34	43	41	0	0	48	9	37	28	42	0	22	2	7	34	36	18	49	23	39	45	35	31	0	6	43	8	0	36	3	0	
15	26	0	36	47	34	12	47	13	0	0	0	36	19	9	46	0	21	0	44	18	0	33	20	16	1	24	15	12	30	15	6	39	35	43	0	29	10	29	40	0	13	18	44	49	17	0	29	0	5	6	7	8	11	36	5	37	0	40	28	11	43	18	6	41	49	0	0	18	43	32	15	7	42	47	22	25	28	40	34	0	35	0	0	0	33	0	0	0	0	20	30	18	0	1	1	29	48	14	1	
31	45	12	17	18	5	38	0	40	2	27	0	11	31	13	1	45	30	10	0	33	43	24	12	14	42	30	22	30	32	29	16	42	30	9	35	0	21	0	37	46	30	6	48	39	40	2	49	18	43	2	16	47	24	19	0	13	3	42	14	39	20	44	37	30	0	17	5	36	11	22	0	40	5	1	0	0	22	26	0	42	36	0	9	0	23	0	36	0	35	25	24	0	18	0	39	0	10	48	45	
4	30	27	46	6	5	0	19	33	19	2	43	6	49	18	21	36	44	28	12	0	13	17	6	37	0	28	40	47	31	35	20	15	46	28	0	31	24	26	46	46	0	36	1	18	18	36	0	36	47	12	15	34	9	7	16	49	42	32	28	6	26	0	0	33	46	0	0	47	17	0	0	31	4	19	0	35	0	0	8	18	4	27	34	5	27	38	42	38	46	38	32	22	19	0	15	19	0	48	9	
0	0	31	0	38	12	30	29	0	27	44	15	3	20	1	0	44	35	35	0	0	7	36	28	0	13	43	0	20	45	4	38	0	41	0	31	0	15	35	49	48	11	5	0	19	8	16	31	1	38	0	29	29	30	7	2	0	22	0	39	49	0	18	1	5	16	47	20	31	42	7	0	31	2	5	0	37	39	29	8	5	26	15	27	13	1	34	0	9	42	4	3	23	11	25	48	48	49	23	0	
49	32	23	43	48	33	4	0	0	26	11	14	44	11	0	47	38	19	20	0	0	41	18	1	25	35	42	18	33	45	18	0	4	3	3	8	23	14	0	18	47	42	0	12	39	0	22	39	0	44	14	41	3	12	24	41	0	19	5	0	49	40	0	19	44	39	46	0	48	47	30	39	8	37	14	2	24	24	16	7	0	0	32	13	7	16	8	25	12	46	0	0	47	0	46	15	17	14	0	0	
17	49	26	27	0	41	13	29	23	41	39	8	0	18	4	27	7	34	21	7	32	38	21	35	23	44	19	0	13	13	37	6	5	0	18	7	4	0	9	37	0	6	37	9	49	27	23	10	22	4	12	20	3	32	35	0	11	23	26	3	41	0	5	32	0	40	35	3	49	0	22	15	49	0	49	27	2	11	0	0	8	39	11	0	18	40	14	36	0	0	0	8	1	12	6	18	40	10	0	0	
9	4	0	0	0	31	11	27	0	22	49	20	3	6	30	14	45	16	37	14	11	11	3	0	48	35	0	46	38	1	24	15	16	44	25	34	27	4	37	28	0	11	0	39	24	38	19	0	49	0	47	35	0	46	41	32	0	25	10	6	0	28	26	32	2	31	49	42	34	33	0	24	28	38	7	35	5	40	0	39	24	40	20	49	17	9	36	11	33	0	39	2	44	36	4	6	1	24	10	24	
32	42	18	28	34	0	0	0	38	0	36	0	10	8	6	31	7	19	45	19	24	1	25	32	4	40	0	18	0	15	34	31	9	49	34	0	36	49	16	34	0	2	0	42	26	12	4	39	9	18	22	30	13	0	0	3	36	26	13	12	0	0	11	0	31	48	36	42	34	3	13	0	26	0	6	25	23	48	0	21	4	34	39	19	24	0	27	26	34	33	7	24	48	46	42	8	22	11	32	0	
42	0	4	13	32	0	30	3	1	0	5	46	39	0	1	19	0	0	9	36	46	20	24	40	14	30	44	10	0	20	11	22	0	49	28	6	12	20	0	19	25	44	14	24	0	8	0	0	26	0	21	30	13	0	40	27	44	33	0	0	47	17	0	36	23	22	29	42	0	42	10	0	24	48	6	0	6	24	47	36	30	30	17	17	45	35	27	0	38	9	0	13	29	32	0	40	33	19	0	40	
3	0	13	38	17	27	10	2	0	48	29	17	18	5	47	14	0	38	39	5	41	3	24	9	40	0	0	12	17	16	31	9	44	12	26	0	32	29	19	2	0	0	35	12	20	6	31	47	19	1	0	0	48	8	6	13	33	37	35	18	45	4	30	0	5	15	48	42	2	0	47	21	0	1	27	36	0	5	1	35	31	0	8	12	43	12	2	5	18	31	0	0	8	0	0	18	18	7	15	29	
1	35	0	0	47	38	8	17	4	41	28	48	23	38	7	31	31	0	7	42	1	43	48	0	2	0	25	38	16	34	27	34	7	25	30	21	1	7	30	42	44	0	26	43	16	23	42	31	1	38	38	10	42	9	30	39	49	7	9	42	48	0	44	44	16	7	0	26	33	20	20	22	30	12	10	42	40	16	34	6	0	1	36	42	46	0	0	45	11	0	31	31	0	30	11	40	46	0	0	47	
34	36	35	18	49	34	0	0	0	14	42	37	37	26	43	29	11	9	33	2	19	17	0	36	26	26	40	5	0	19	0	9	9	3	1	0	0	24	13	49	14	22	45	4	1	13	40	5	40	15	48	0	42	4	47	3	37	13	47	39	0	11	0	33	0	19	33	43	14	48	35	31	16	0	46	0	31	0	49	42	38	37	0	22	0	11	30	8	24	31	10	37	2	25	11	18	0	38	7	11	
15	0	9	8	26	19	40	0	21	37	10	0	30	31	0	0	40	10	33	0	0	0	24	33	32	26	41	12	3	0	0	5	7	39	46	21	0	5	27	29	23	35	0	11	44	46	24	44	25	28	11	0	26	40	37	42	31	40	37	10	0	16	8	40	25	21	43	0	4	11	38	37	0	28	25	17	45	0	29	0	48	18	34	11	24	6	0	0	0	11	37	47	31	42	17	18	30	47	0	2	
44	14	1	0	20	17	0	13	31	28	31	5	28	26	36	35	0	0	6	45	37	13	0	1	21	21	35	0	19	0	0	2	43	33	39	13	0	43	40	39	16	20	16	5	0	0	42	37	29	2	38	2	48	49	45	0	12	31	35	15	42	0	43	16	18	48	43	27	8	0	5	24	0	14	41	0	27	0	2	6	23	0	0	22	24	23	16	32	2	20	46	1	47	33	42	0	44	37	40	30	
47	20	12	22	11	33	41	41	33	12	4	49	45	43	19	16	33	9	16	0	22	14	3	0	38	13	0	3	40	25	0	0	0	1	0	45	29	0	11	34	0	30	17	27	29	30	44	5	42	24	0	19	7	8	46	36	35	39	30	49	49	21	17	40	0	37	4	28	30	25	30	0	48	21	18	24	18	0	22	8	13	3	6	40	49	0	21	0	31	27	14	48	0	36	43	41	34	0	41	1	
48	46	15	33	34	41	0	36	0	41	17	7	0	0	14	17	0	46	28	0	38	9	22	42	37	6	5	12	48	28	43	41	42	15	20	14	46	2	17	26	15	25	23	2	40	0	41	24	43	1	45	2	27	34	0	0	41	32	33	45	0	40	2	28	35	30	0	0	46	31	38	3	24	31	37	43	0	16	3	0	0	15	43	37	16	38	48	40	4	11	24	0	40	25	38	27	0	45	32	27	
0	18	0	35	0	49	19	0	10	3	49	2	45	0	6	45	1	26	11	40	33	2	48	33	0	40	0	45	0	0	33	2	14	7	13	28	46	43	0	41	0	15	18	41	2	0	0	47	42	6	15	44	0	45	12	0	18	10	0	40	6	43	25	25	47	28	2	0	21	22	44	21	20	30	25	0	0	0	37	0	18	25	26	25	42	2	0	48	42	11	10	15	36	22	6	0	16	23	21	0	
0	47	34	13	33	11	2	11	17	0	26	43	17	26	13	31	49	25	16	30	31	16	18	26	47	0	45	0	24	9	15	26	11	0	4	0	29	24	0	23	26	30	43	0	3	42	0	49	32	13	0	26	14	19	6	38	6	6	18	14	19	39	44	0	34	23	30	9	32	40	37	47	41	17	41	13	43	24	25	20	28	47	33	46	15	10	25	44	5	44	11	38	11	45	5	18	26	23	13	30	
44	43	26	15	0	36	23	33	4	33	12	0	42	39	36	0	33	0	48	47	8	0	0	18	9	46	41	47	5	46	33	37	0	45	8	6	47	7	15	34	25	3	48	1	26	21	43	21	29	44	22	48	29	0	24	44	31	26	25	0	0	0	12	0	9	41	17	16	20	42	29	16	29	42	38	44	14	8	16	0	14	0	46	0	0	2	41	35	8	35	22	0	12	44	5	19	26	36	39	0	
16	24	20	0	1	41	29	36	0	28	16	28	0	4	47	48	0	0	10	24	31	3	11	37	21	44	39	22	0	8	0	2	36	9	21	5	34	3	36	15	48	40	43	35	26	23	33	4	13	38	0	48	41	10	31	9	39	22	38	0	49	44	26	20	44	4	0	3	25	37	18	0	0	24	34	12	41	34	36	33	20	7	48	0	16	29	0	19	0	42	28	35	2	30	0	22	43	13	18	49	
20	0	22	30	0	15	33	4	30	8	10	5	15	35	8	14	26	28	31	24	7	5	21	0	31	29	12	13	47	40	0	0	24	18	30	43	26	13	0	0	13	13	7	36	15	11	32	45	0	44	49	43	12	49	27	34	0	19	0	0	44	19	48	41	0	0	16	11	22	23	21	8	37	8	6	35	33	31	0	40	2	29	0	48	44	8	0	0	4	0	4	18	26	44	42	39	12	49	44	38	
0	0	33	17	0	47	21	5	25	24	1	5	5	45	0	3	0	16	16	44	5	8	0	13	43	31	11	14	26	11	5	16	27	15	0	3	21	38	0	35	0	24	1	0	31	30	25	35	42	0	25	33	39	4	18	8	19	38	15	0	18	7	33	1	13	46	22	14	23	8	33	36	24	36	41	0	23	0	42	0	0	7	0	26	7	41	8	17	0	40	18	27	43	30	0	36	28	11	37	0	
47	0	31	22	7	8	33	11	25	0	46	0	38	0	15	1	0	1	32	9	45	15	0	19	3	49	23	48	1	47	11	20	14	0	0	2	27	28	25	0	45	36	26	49	39	0	41	48	27	4	15	46	18	0	37	10	40	11	7	45	0	35	23	38	41	4	10	0	10	43	43	5	26	9	47	9	22	2	4	0	0	46	0	21	10	14	22	14	47	42	0	26	6	31	36	0	0	32	0	0	
16	16	27	35	35	0	20	0	18	27	45	21	41	44	33	12	9	1	5	37	43	0	31	6	14	46	8	27	36	7	0	0	0	12	1	0	44	40	0	19	43	31	37	30	0	38	32	0	31	46	30	25	30	1	32	16	33	0	8	41	0	14	47	14	31	2	8	11	26	5	38	37	48	0	32	21	35	14	27	26	34	0	25	0	6	26	28	0	48	15	44	30	17	4	0	33	49	39	28	38	
40	17	25	5	24	47	47	8	0	0	0	0	3	0	10	26	40	7	13	13	25	14	8	16	34	0	45	44	26	0	0	39	27	0	0	13	10	19	7	9	4	6	47	16	39	39	2	39	40	6	48	27	13	0	5	23	31	26	37	27	30	43	0	29	36	0	17	22	41	26	29	21	0	46	29	22	41	0	15	12	0	15	47	9	14	0	4	0	33	45	5	24	29	17	38	19	28	34	0	18	
0	20	19	32	0	1	23	40	46	2	7	23	16	27	8	16	0	0	0	45	46	32	8	0	8	44	4	0	3	6	38	11	12	26	21	33	0	12	9	0	20	0	37	25	0	8	6	0	0	0	30	46	0	22	17	22	7	23	25	2	32	0	3	7	19	27	23	40	8	3	39	7	0	28	3	0	25	5	39	40	25	0	8	24	44	18	30	12	32	5	22	30	11	8	14	48	20	0	8	34	
11	0	0	0	15	39	0	0	0	0	14	44	13	19	0	6	48	40	3	0	34	0	12	10	16	41	8	13	19	18	47	17	1	9	23	27	8	46	49	34	7	0	11	23	32	34	40	49	41	36	21	29	0	19	0	42	20	0	30	37	0	35	0	25	45	18	0	12	27	0	28	43	39	7	0	23	0	2	4	40	17	9	12	7	6	43	33	9	15	20	5	28	9	0	33	24	38	33	20	0	
7	46	29	0	0	47	43	29	0	0	49	35	0	17	34	36	27	23	27	16	3	8	33	43	0	12	6	25	41	0	0	9	0	7	38	11	29	21	0	27	0	18	0	31	24	37	33	0	42	0	7	0	10	18	0	40	3	1	1	2	0	38	2	0	22	3	0	48	39	49	3	15	6	38	44	45	7	0	0	39	4	6	38	0	0	39	20	4	0	14	0	14	0	0	43	38	0	0	20	44	
32	0	35	2	37	0	23	17	25	20	20	0	0	9	0	12	23	34	23	32	22	40	44	22	32	0	6	41	38	0	9	11	29	35	11	44	0	21	23	1	13	22	24	2	40	0	22	0	20	0	1	0	45	35	28	46	25	35	3	16	35	48	17	0	0	11	0	36	38	0	0	10	47	8	7	48	46	40	0	33	46	14	11	43	0	43	29	0	0	7	11	26	13	43	0	41	6	0	31	0	
46	2	25	0	5	45	21	10	28	48	5	46	0	31	39	11	38	28	27	49	0	33	0	21	29	47	22	41	24	37	42	13	7	14	48	27	20	0	0	18	25	25	14	47	11	20	44	0	39	8	0	47	0	11	0	38	29	41	3	36	39	15	48	6	16	0	39	47	2	37	15	4	10	1	11	19	27	0	39	27	10	32	17	6	30	39	16	39	5	5	36	9	16	10	35	47	28	8	16	10	
0	0	32	45	40	0	42	0	0	30	4	46	47	19	14	0	22	16	28	49	15	37	13	0	47	9	7	28	0	0	46	11	0	34	19	29	6	0	29	1	13	3	0	21	37	0	11	45	26	8	42	8	30	47	13	0	38	0	5	41	0	46	31	48	2	49	36	11	19	22	46	4	14	47	0	47	27	27	3	48	0	0	23	20	31	10	0	2	35	44	46	37	32	48	19	14	49	39	30	9	
5	29	0	15	18	36	7	23	36	6	16	25	0	0	16	45	0	28	11	49	43	36	7	17	0	0	0	37	46	13	31	0	4	0	45	9	24	27	0	12	16	17	35	14	24	0	0	2	21	0	49	11	0	35	0	0	48	30	13	27	0	18	10	40	19	18	2	23	24	17	6	46	4	0	42	21	15	20	26	0	0	22	32	7	0	5	25	7	45	35	17	20	35	1	30	4	5	35	40	24	
30	9	48	8	0	36	0	49	49	0	27	32	32	39	0	12	48	26	47	11	43	30	33	19	0	0	39	23	47	46	5	0	21	3	1	44	15	0	30	37	14	31	0	43	25	21	42	28	20	26	7	8	36	11	31	33	0	23	26	25	2	0	34	31	1	49	30	42	19	27	23	4	49	14	47	37	2	46	6	7	26	9	0	34	27	4	0	30	37	17	23	0	48	29	36	10	38	36	0	28	
14	0	0	2	45	34	8	32	0	0	4	46	10	0	41	10	47	39	15	40	0	27	0	0	9	29	15	11	10	7	30	36	10	29	29	39	3	48	26	42	0	0	33	4	9	45	1	39	0	38	44	42	37	16	0	26	0	15	2	35	0	0	26	0	0	24	2	0	0	46	33	0	15	32	44	43	27	35	11	30	0	25	31	17	47	0	7	24	24	0	0	25	13	14	40	28	19	44	0	1	
0	35	0	48	0	2	13	0	3	33	3	4	37	10	45	23	23	36	44	0	2	41	0	48	0	32	0	0	0	36	21	8	3	35	6	10	21	0	32	35	0	41	26	36	0	23	0	15	10	0	0	6	17	24	33	0	0	48	44	36	32	0	0	23	0	0	0	16	25	4	18	34	47	40	0	26	0	1	38	0	49	25	0	1	12	17	4	11	0	34	16	32	17	38	12	15	33	10	14	34	
12	39	22	15	21	7	0	34	16	4	48	43	41	32	26	0	45	0	14	9	36	6	9	8	0	1	0	19	40	29	44	0	43	2	27	33	34	0	2	28	14	42	33	0	46	25	0	0	24	40	0	30	28	20	3	18	23	41	0	0	14	11	7	34	14	37	21	8	48	6	0	13	31	43	29	10	0	6	31	0	15	8	13	0	0	29	8	45	34	24	24	15	46	44	19	12	6	25	19	45	
47	49	19	0	49	29	35	24	0	23	49	0	0	0	0	31	30	33	10	41	0	0	27	18	1	14	0	26	0	12	42	0	41	28	39	0	0	45	14	3	48	32	34	29	25	35	12	28	20	0	0	47	19	44	5	18	20	0	26	0	25	0	46	41	2	46	0	18	16	32	47	0	1	3	21	33	34	24	46	16	0	32	21	0	0	20	24	30	11	1	0	40	47	6	9	0	41	1	29	0	
22	32	38	29	10	44	21	26	15	46	28	10	12	30	23	49	33	26	36	2	5	20	13	18	28	47	34	40	45	17	8	41	32	27	27	39	0	4	16	12	1	21	0	36	16	2	0	43	16	21	32	7	16	47	32	27	39	0	9	0	23	11	3	0	36	8	12	18	43	4	27	10	25	48	20	15	0	38	8	5	14	27	0	9	39	0	0	0	25	0	29	0	25	15	46	38	0	9	13	0	
16	37	26	7	44	47	31	1	31	9	28	35	8	0	0	16	22	26	0	48	44	0	31	26	9	40	48	0	10	48	47	46	0	16	10	1	14	24	30	14	0	42	31	39	35	0	23	34	45	49	40	43	0	24	1	0	12	24	24	18	20	6	23	9	29	45	23	18	30	25	21	48	22	3	17	1	3	8	28	37	36	23	2	7	28	44	38	5	13	48	3	41	34	22	37	5	44	0	19	42	
30	21	16	0	23	15	44	0	0	24	11	0	4	0	49	18	30	0	10	11	6	41	17	0	46	41	7	0	19	5	17	43	45	2	9	0	9	20	32	37	48	18	0	0	30	19	37	4	33	47	49	24	42	2	38	30	27	5	0	8	11	0	13	44	12	0	10	10	0	28	11	0	3	0	10	10	21	18	16	0	0	39	0	0	35	10	32	23	0	9	0	39	29	15	21	9	2	5	27	47	
3	26	47	0	16	8	21	0	14	11	37	0	16	19	34	0	0	13	0	26	32	31	8	0	49	0	0	49	30	0	16	0	25	10	16	10	48	16	49	14	33	42	29	0	47	9	7	5	27	46	0	48	25	36	44	0	32	4	30	16	29	13	13	20	37	0	1	34	29	39	47	45	7	25	34	28	48	10	14	0	7	24	34	44	32	0	0	5	28	29	44	14	20	22	43	45	26	36	20	40	
49	35	0	3	48	25	0	19	43	28	0	42	0	0	46	10	0	21	30	10	17	26	0	0	28	48	44	36	41	0	18	40	4	1	44	47	40	12	46	13	30	35	45	4	0	1	18	37	49	36	13	0	14	36	30	32	0	46	5	2	0	0	41	25	4	39	5	6	38	28	0	44	21	3	32	3	7	8	43	48	36	31	16	47	26	1	36	32	9	49	0	11	19	24	32	21	26	0	27	11	
22	11	29	45	35	23	0	49	34	0	10	40	3	16	17	41	9	0	43	29	0	0	18	0	32	21	17	48	2	6	8	22	11	5	37	0	38	4	32	48	0	0	27	44	4	0	4	11	20	30	22	44	0	38	34	19	0	20	10	15	34	13	22	24	48	12	6	0	26	22	0	48	48	13	35	0	32	49	47	0	40	1	27	0	48	45	33	19	42	25	12	39	49	1	40	31	32	31	41	31	
13	34	22	30	43	13	33	45	38	32	0	16	4	2	29	2	24	0	0	2	7	17	29	37	31	14	1	38	48	0	13	10	46	30	37	18	30	0	12	33	0	30	8	48	36	34	3	31	1	0	49	2	2	29	4	25	0	15	40	28	45	12	48	0	0	38	15	29	45	29	23	47	13	9	6	1	47	0	0	6	30	4	44	16	15	15	44	20	21	5	9	2	0	18	0	0	31	33	38	11	
45	43	39	33	0	0	42	1	16	40	8	0	6	1	11	0	3	23	2	38	11	22	0	10	23	1	11	38	44	41	41	0	26	21	49	26	28	43	21	48	9	37	0	22	42	42	42	0	44	0	32	12	4	3	15	10	22	11	10	9	15	37	15	0	25	24	0	23	7	0	0	6	13	0	45	5	10	14	30	44	25	0	0	9	33	33	0	29	37	47	33	30	0	32	19	34	14	35	0	3	
23	0	25	18	8	20	48	23	19	8	0	37	11	29	0	1	42	10	28	0	0	34	33	19	25	41	38	44	15	27	0	0	0	14	0	35	0	3	39	47	48	42	0	7	39	47	26	44	0	18	20	0	6	26	40	21	42	0	2	30	0	32	0	23	1	3	0	29	30	0	34	29	2	3	7	42	0	38	36	42	36	43	44	0	30	0	7	9	42	7	0	40	0	8	0	20	20	4	41	10	
45	21	46	34	2	20	0	36	11	0	31	6	7	25	45	15	6	0	0	36	0	9	2	18	31	0	40	47	44	0	0	35	27	18	42	2	24	36	6	39	22	0	12	0	30	37	23	0	42	0	31	17	3	18	24	3	40	0	49	43	3	2	0	0	12	31	31	0	10	7	39	19	27	0	0	48	0	46	4	0	49	18	37	22	21	41	26	16	25	1	39	26	21	12	31	16	15	37	44	16	
38	0	28	10	0	32	38	47	14	41	30	24	2	34	33	47	49	30	34	44	42	12	0	45	0	41	0	30	2	0	11	25	0	0	20	1	20	37	41	42	37	10	41	0	31	2	3	29	29	11	32	10	8	39	0	47	45	21	8	1	1	23	49	34	6	39	48	45	45	4	34	30	6	29	19	8	29	0	30	4	27	36	46	46	7	31	49	10	6	16	33	36	38	33	9	29	18	14	19	11	
0	0	4	29	26	11	16	48	0	7	3	23	42	40	23	45	25	37	14	26	0	44	40	10	34	39	0	0	0	0	0	37	17	26	42	32	49	4	36	49	0	0	0	25	25	5	30	30	17	19	37	13	48	10	30	17	2	22	29	0	42	14	40	0	21	34	14	38	40	47	32	39	18	0	8	19	46	27	23	0	0	31	19	0	33	49	22	6	0	17	24	22	27	27	16	12	45	32	15	40	
23	37	4	45	18	28	0	29	17	0	3	44	0	0	22	16	7	26	36	0	39	34	12	0	3	45	38	26	12	29	5	15	29	10	2	40	13	18	13	0	46	15	2	28	20	14	38	22	2	41	15	18	9	48	11	27	1	49	17	31	25	4	0	49	16	37	44	3	36	0	29	20	8	41	10	41	24	4	0	0	21	0	0	0	5	0	48	5	34	38	6	0	19	17	0	45	5	0	0	38	
40	28	39	0	42	9	29	0	9	47	42	21	16	0	33	0	9	23	14	7	48	33	25	21	16	7	45	20	48	15	49	40	25	12	22	21	32	49	36	17	5	18	25	1	39	1	0	45	0	18	20	0	0	0	9	38	21	41	17	0	36	0	0	44	24	26	21	49	5	46	28	48	41	36	11	0	44	0	32	5	48	38	22	5	16	41	43	45	9	1	36	17	0	26	8	25	45	13	28	46	
21	14	43	22	38	44	3	0	0	7	10	16	40	0	0	0	8	0	11	41	0	29	4	21	42	49	29	0	1	42	0	33	17	0	38	18	9	43	48	26	15	0	0	17	2	0	9	12	29	0	20	19	47	46	23	0	0	25	0	0	5	29	11	45	0	3	27	3	10	20	26	31	4	9	1	13	0	49	25	0	48	33	20	0	0	35	4	29	33	31	0	12	0	46	44	20	15	18	23	49	
30	23	0	17	10	0	48	37	0	19	0	8	25	35	19	0	5	12	0	36	0	0	5	25	2	0	32	9	11	5	15	0	13	41	11	0	4	34	42	4	39	37	48	0	47	44	0	0	29	40	11	13	19	37	22	32	0	38	41	5	3	8	41	18	5	0	27	2	6	25	15	45	29	49	21	0	29	32	34	44	39	29	48	26	25	37	20	1	42	23	0	21	28	0	0	26	0	18	9	32	
19	24	36	28	7	19	24	7	12	0	24	0	22	0	9	0	0	33	0	8	48	0	14	27	29	33	23	32	0	0	35	1	2	0	25	0	38	26	27	7	24	4	46	17	5	39	38	14	45	30	47	22	13	32	19	0	45	0	18	33	11	26	9	24	4	0	19	44	46	6	47	41	48	45	19	0	27	37	13	10	48	5	2	1	15	12	42	0	23	0	20	21	48	47	32	0	37	44	19	39	
25	24	31	37	4	0	39	0	38	8	0	17	10	0	36	13	10	38	35	0	0	7	0	45	33	0	0	0	0	32	41	40	43	25	28	4	9	0	0	8	5	14	0	23	49	47	0	15	0	11	6	19	18	27	0	0	0	40	25	0	0	34	22	25	0	3	25	28	45	34	7	20	16	23	38	44	2	25	24	36	35	0	0	22	16	45	0	27	20	48	9	18	28	38	0	0	37	0	10	37	
0	33	1	38	48	37	30	6	46	0	5	17	43	37	0	27	39	40	11	49	0	35	0	28	0	2	49	10	24	1	8	0	0	33	29	36	13	0	34	17	0	0	44	20	36	0	18	0	36	3	39	46	17	36	2	0	49	0	48	34	13	44	40	28	31	0	0	24	47	21	8	29	38	2	23	45	45	0	43	0	27	44	8	0	29	38	45	33	29	0	44	12	23	24	0	19	7	1	35	48	
30	26	0	30	20	0	47	43	39	26	41	0	45	0	0	16	33	6	44	0	32	21	42	44	0	21	39	40	41	26	30	10	6	0	14	38	26	22	0	10	23	0	28	0	40	6	17	14	7	0	0	0	14	0	46	28	36	11	41	43	1	33	16	0	23	0	28	32	0	37	14	0	43	0	0	4	27	13	0	9	33	44	9	24	36	9	32	12	29	8	0	28	0	0	37	7	0	47	17	36	
27	45	27	18	3	7	13	0	43	28	7	14	8	0	25	11	8	36	33	47	0	43	49	47	24	3	0	0	0	27	4	0	48	32	19	31	0	3	2	29	27	13	17	0	0	31	48	34	0	0	3	29	47	37	0	0	27	0	33	4	0	0	2	43	0	49	0	0	41	23	10	26	26	32	0	9	31	7	0	18	9	18	3	29	39	4	4	32	11	8	0	27	0	34	45	36	8	41	32	2	
5	15	35	0	19	14	21	24	0	12	6	41	40	26	0	44	12	29	32	35	42	0	2	9	25	11	45	0	47	0	2	38	12	0	0	0	0	19	3	1	43	29	46	13	13	0	21	30	10	44	49	0	24	6	47	0	0	0	23	48	47	5	0	43	48	49	25	49	35	28	47	35	33	23	34	0	0	42	2	19	16	12	45	2	0	16	39	48	0	28	0	17	0	14	18	25	43	38	26	13	
32	16	12	6	8	41	6	33	33	37	34	11	0	9	0	0	29	0	2	18	43	33	24	34	0	4	19	4	34	0	25	13	28	44	0	9	49	13	17	3	47	44	0	10	15	5	33	44	0	5	3	0	21	17	47	8	0	0	26	42	10	5	3	7	45	8	0	8	9	44	0	36	43	2	36	40	20	36	0	42	0	18	21	9	22	19	0	44	4	9	13	10	6	24	0	17	0	23	4	36	
23	5	13	0	26	16	0	46	1	0	37	9	7	33	31	1	36	20	18	39	0	15	40	23	0	22	0	37	19	25	33	19	35	28	2	20	0	36	34	0	19	6	39	45	10	35	31	5	35	13	0	20	17	31	25	37	35	0	8	2	41	22	9	41	21	27	10	19	7	13	14	20	45	0	0	4	3	31	20	15	0	12	15	0	39	0	40	5	8	0	0	36	27	39	28	0	28	39	2	8	
43	40	31	9	11	24	0	25	0	0	0	29	0	0	20	45	0	17	3	5	0	34	19	10	33	0	12	4	0	2	37	22	40	37	5	12	0	38	12	2	13	33	13	21	12	1	22	9	18	41	24	19	8	28	22	9	4	47	21	3	0	27	27	0	39	5	20	0	0	0	45	1	40	33	3	22	37	0	0	29	0	44	47	46	32	35	37	6	0	45	4	28	42	43	25	12	0	23	30	46	
46	48	17	27	48	44	43	8	48	6	20	13	0	29	35	1	14	42	37	17	12	37	15	34	42	17	24	12	41	32	32	0	19	11	17	33	48	11	27	28	38	47	32	9	12	6	30	17	27	2	33	5	0	39	14	34	0	17	4	19	18	44	0	38	20	17	43	16	15	0	19	19	0	0	0	7	39	0	47	45	42	18	0	0	0	6	1	16	29	48	23	0	0	49	0	47	3	6	0	41	
34	13	14	8	0	27	11	29	9	11	28	31	6	20	37	9	38	34	10	12	30	5	23	28	1	36	35	13	47	0	30	37	44	27	21	37	29	42	44	26	46	25	22	7	41	12	15	9	5	0	4	25	0	0	41	8	0	17	27	40	0	36	0	49	39	18	20	38	5	27	18	14	33	48	4	0	41	30	46	0	14	4	18	16	0	42	47	27	23	1	29	47	45	0	37	0	6	35	18	13	
11	0	7	48	45	28	14	11	19	34	36	12	3	28	29	0	0	0	5	41	23	24	0	47	20	0	14	12	21	39	0	5	0	45	1	0	23	40	14	13	40	45	18	9	12	0	15	31	30	38	0	36	3	20	0	9	0	15	0	15	37	35	27	21	22	32	2	0	10	43	0	7	31	21	0	0	14	9	0	2	31	0	0	38	48	0	30	8	5	11	33	0	14	27	0	9	0	28	13	43	
25	3	0	0	47	30	48	23	47	32	0	6	0	41	44	35	34	0	29	35	19	9	0	10	36	6	11	0	5	18	19	6	8	49	46	0	9	36	6	28	26	32	17	23	26	34	2	1	38	0	1	21	41	48	29	5	0	24	7	27	12	0	0	30	0	48	21	0	1	0	12	28	2	11	34	14	0	48	29	46	0	0	6	33	48	5	11	0	46	37	25	48	0	39	0	0	0	0	29	7	
22	26	5	15	7	0	0	1	23	27	25	49	14	21	33	0	18	0	4	38	44	17	37	48	29	23	49	18	40	9	17	30	0	26	3	38	0	32	22	30	0	19	5	35	19	0	0	0	0	19	15	1	21	24	8	43	0	47	0	16	0	7	15	10	0	40	9	32	11	0	9	6	0	47	34	11	18	28	27	5	17	13	16	39	33	35	10	31	11	31	0	0	31	7	0	12	4	21	0	17	
41	36	7	11	0	0	31	19	42	0	48	13	11	4	48	0	15	0	0	33	39	14	12	1	20	14	16	24	37	22	37	17	40	0	42	1	27	9	11	43	15	3	26	43	15	4	24	35	4	7	15	26	43	2	35	19	40	44	0	49	43	0	36	10	40	15	5	24	0	0	0	22	15	48	19	0	34	17	1	0	8	20	2	16	19	25	21	43	0	2	0	4	33	26	18	0	24	44	31	7	
11	36	28	19	0	14	18	36	19	43	0	0	25	0	24	48	6	18	40	43	38	37	39	3	0	0	22	20	0	0	46	7	18	42	22	31	14	44	16	35	20	39	26	48	6	22	46	28	0	11	26	28	37	27	3	0	27	47	30	10	21	7	18	0	32	20	0	8	16	0	38	41	22	22	26	34	0	25	8	25	27	23	11	4	20	17	39	41	6	8	33	30	46	0	21	7	5	18	24	49	
0	0	12	21	0	3	15	31	16	0	12	2	48	22	0	33	11	41	47	2	9	41	31	18	0	1	19	0	23	27	41	10	31	29	34	32	7	0	36	36	12	46	4	40	9	0	45	9	36	22	9	33	27	13	26	35	9	15	6	0	23	21	34	0	0	17	48	3	4	11	2	36	0	32	35	12	32	38	0	44	38	25	35	1	12	41	11	20	11	9	0	0	41	19	15	0	5	6	9	42	
39	39	42	16	0	0	0	48	0	24	0	6	32	46	20	21	11	20	48	5	45	11	49	0	25	10	0	18	26	0	26	16	17	7	5	17	23	46	0	7	48	1	0	14	28	11	47	36	35	26	0	6	34	3	31	18	2	13	31	44	19	30	0	29	47	36	42	0	14	22	11	31	12	24	0	0	23	0	5	28	6	12	0	19	4	0	45	7	14	0	7	11	46	39	0	11	28	8	1	13	
33	37	46	34	44	6	32	33	1	37	18	0	4	48	21	0	10	31	16	15	34	0	7	26	3	0	49	9	18	48	0	0	0	8	25	33	29	43	25	40	24	29	31	9	6	49	0	15	37	43	3	40	0	22	28	0	19	22	48	32	0	11	18	3	44	47	0	32	41	0	13	8	39	49	28	15	13	0	39	27	48	0	0	13	20	4	49	18	25	13	44	7	3	33	28	0	32	30	47	7	
26	23	3	0	7	40	4	37	9	9	26	21	31	39	10	18	0	49	14	41	24	27	11	15	8	24	0	25	0	30	0	27	26	0	2	44	23	49	10	17	0	0	48	23	11	0	32	46	2	27	45	0	0	24	5	27	38	46	44	5	19	37	25	28	0	14	15	41	0	10	28	4	49	39	33	46	39	33	46	9	35	0	36	0	15	39	0	44	26	0	21	7	43	0	16	21	39	0	18	47	
34	0	21	0	32	21	39	0	47	15	13	4	0	0	0	6	0	27	16	0	45	32	44	4	9	7	30	21	47	0	45	18	28	2	36	2	10	11	0	49	24	41	46	0	49	31	0	1	14	48	36	26	0	43	28	0	36	15	37	21	5	16	30	20	37	36	32	0	0	0	17	24	0	0	42	17	36	26	0	25	0	0	19	7	37	0	27	3	0	3	2	44	21	34	16	28	22	20	46	38	
25	31	28	3	24	0	28	34	15	0	30	36	32	21	31	28	0	11	0	0	42	14	16	2	31	29	9	0	15	42	48	0	47	35	38	42	29	0	26	0	46	31	0	7	0	46	38	33	0	12	42	6	9	9	34	0	2	38	38	46	9	23	10	32	22	37	48	42	1	0	44	10	44	17	42	5	34	19	36	0	0	19	9	33	34	2	0	27	21	45	20	41	11	20	0	40	15	0	32	0	
30	47	15	6	19	6	48	0	38	15	18	17	10	41	49	31	46	0	28	14	36	38	38	31	3	36	24	28	36	18	35	14	48	36	28	15	6	28	2	0	14	41	38	22	0	45	43	4	44	18	16	33	0	4	16	19	45	36	36	25	41	36	21	0	0	20	28	30	36	20	0	0	9	17	24	0	30	23	0	44	10	0	0	0	27	0	0	47	36	0	41	37	25	35	13	0	39	0	1	17	
25	18	32	5	4	46	0	42	32	11	16	35	32	39	0	2	1	4	14	35	15	37	30	0	7	28	36	33	30	37	0	33	42	41	31	0	29	20	16	16	2	21	17	6	19	0	39	16	25	49	0	6	0	8	28	6	48	35	15	6	13	25	4	10	24	0	25	44	40	13	13	22	11	0	0	4	14	6	0	17	27	28	14	12	23	33	0	20	26	19	0	0	48	20	44	21	0	20	27	8	
1	23	16	0	1	0	44	0	45	39	40	36	36	36	38	5	0	33	46	24	15	19	14	0	34	3	3	0	32	38	15	33	21	4	49	45	40	33	33	37	17	9	0	0	48	35	4	2	22	40	48	47	31	18	24	32	26	24	17	17	49	26	14	44	28	10	0	39	21	29	38	0	35	0	5	6	1	24	47	22	9	9	22	0	0	34	49	48	31	16	0	29	13	28	6	22	0	45	48	10	
29	0	4	34	1	0	28	45	43	0	32	48	30	27	13	37	0	0	19	31	22	48	14	35	35	33	41	40	0	19	1	26	34	0	49	39	40	26	6	5	0	33	34	20	0	29	25	26	5	42	34	0	41	2	22	48	38	35	11	18	0	0	7	0	42	7	43	34	27	36	17	7	0	5	0	43	4	4	37	0	18	0	19	49	29	49	29	32	23	9	43	16	20	22	22	49	0	25	0	0	
0	20	11	35	23	30	37	28	3	0	0	9	26	33	20	1	2	0	44	29	5	21	0	21	21	23	22	0	30	0	37	0	8	44	8	18	48	12	0	8	29	20	17	0	2	46	9	20	48	35	12	34	33	47	21	16	0	17	34	20	33	20	39	0	28	31	1	26	17	12	3	46	12	8	12	14	27	0	4	20	32	43	0	1	25	41	11	11	12	38	12	0	40	0	0	1	31	38	43	3	
0	0	32	38	48	29	43	36	11	0	20	10	15	10	17	22	0	27	27	36	4	0	30	4	0	0	0	49	13	40	16	4	46	23	34	29	27	6	25	8	46	0	21	0	30	8	21	35	43	13	0	12	6	36	39	22	26	30	31	0	33	0	10	0	17	18	19	4	0	0	46	28	27	2	21	47	3	39	0	42	6	32	41	47	40	15	0	5	0	0	3	17	8	29	0	15	2	10	1	0	
46	0	17	0	0	0	46	20	42	38	7	28	39	38	38	38	37	7	16	26	0	0	48	49	40	9	34	35	0	11	4	19	1	7	24	41	32	6	47	49	39	21	42	48	0	0	22	46	8	20	18	36	22	35	16	4	22	35	28	22	28	38	10	18	15	15	15	17	0	26	0	22	20	10	0	33	49	24	34	5	13	40	39	9	5	0	34	33	34	0	28	41	27	4	33	8	34	48	22	39	
0	24	37	48	42	49	15	0	32	12	0	45	45	48	34	17	0	29	0	32	24	9	17	0	46	37	39	0	3	46	0	8	24	19	0	0	0	13	43	30	16	13	8	42	42	19	0	2	17	15	5	9	17	41	0	34	14	0	1	34	14	8	9	40	38	12	18	1	34	0	48	0	10	36	0	34	0	19	18	21	1	4	14	23	13	41	33	48	42	25	0	0	49	0	48	36	37	0	0	17	
33	31	0	37	0	16	4	14	22	34	46	47	0	5	0	26	43	43	3	7	0	49	41	27	6	0	41	9	44	13	0	31	9	28	1	17	22	15	3	33	0	0	21	16	36	5	42	18	5	4	8	22	40	48	30	44	7	33	2	33	10	27	0	0	20	0	25	25	25	0	32	46	48	14	0	0	49	39	42	40	33	2	2	0	12	36	29	46	31	2	8	47	31	19	0	29	30	47	0	16	
38	47	36	4	31	36	34	5	14	5	0	28	0	13	35	24	3	32	15	21	12	42	23	30	0	33	0	28	0	26	19	39	26	0	0	22	40	15	30	0	13	15	0	38	0	0	4	44	0	18	13	34	23	1	19	48	10	37	15	48	29	0	27	12	0	2	0	0	44	0	25	0	0	10	0	0	1	0	0	0	0	0	48	0	2	42	5	0	23	2	0	4	6	36	35	29	1	29	41	8	
41	0	24	48	16	0	30	0	0	0	4	24	16	24	31	33	42	40	0	0	24	4	0	5	46	4	21	31	1	13	32	24	17	46	9	0	20	0	19	29	29	12	9	27	36	20	0	19	40	24	0	0	0	42	0	16	10	26	0	1	25	24	42	0	11	0	8	29	27	14	44	7	48	36	4	40	0	10	0	46	18	26	8	0	12	38	46	0	27	49	0	20	0	26	34	25	45	0	15	21	
6	12	0	41	0	14	11	0	41	21	47	23	9	4	22	41	19	19	0	43	12	49	30	3	42	0	40	7	12	46	22	49	48	0	38	46	5	10	46	44	4	47	37	16	0	30	36	0	7	4	32	0	24	39	29	45	37	41	3	37	41	0	31	42	0	39	9	0	0	20	7	33	0	15	4	20	0	43	8	0	34	8	22	21	0	16	16	0	18	23	37	29	7	26	24	16	36	48	28	4	
25	5	2	36	35	11	3	0	0	43	31	31	38	0	29	4	11	46	24	41	16	18	39	0	0	4	17	0	7	25	22	3	0	33	24	0	20	9	38	22	4	22	0	24	26	40	38	45	39	31	47	3	49	0	0	16	40	35	5	37	13	11	0	47	14	0	49	25	18	8	0	31	2	14	31	27	8	13	0	17	0	0	28	0	12	0	31	10	38	0	19	0	0	42	3	0	0	17	0	5	
24	0	20	41	21	2	21	45	6	18	31	0	32	24	0	25	25	39	10	9	0	11	39	41	23	39	0	6	25	35	7	34	17	39	0	49	41	0	47	7	0	0	10	39	43	5	33	48	12	39	47	2	0	0	8	0	3	20	5	32	0	45	10	8	15	35	0	32	41	20	0	35	0	3	26	1	6	8	27	27	19	41	35	14	42	49	10	0	29	17	15	0	20	46	45	18	9	39	25	0	
35	0	21	25	25	35	22	45	0	42	26	41	3	6	44	30	0	36	43	26	5	15	0	0	0	33	30	17	0	8	0	0	0	19	38	29	34	38	0	29	0	34	0	46	15	5	45	38	4	24	36	47	31	13	32	26	0	43	13	9	16	27	32	3	47	0	34	0	14	9	0	41	27	33	43	33	4	47	15	0	15	43	40	21	42	23	0	0	6	25	18	43	8	29	43	12	46	21	46	32	
38	8	33	42	25	27	17	39	25	0	0	8	28	5	0	0	0	47	0	35	1	0	4	23	17	0	43	24	20	31	42	29	0	13	37	0	1	42	13	30	10	35	30	28	0	16	41	20	15	20	14	42	41	22	41	39	33	0	6	0	5	43	28	0	0	20	37	0	40	0	47	3	0	9	37	41	10	0	6	12	0	48	27	24	49	45	7	7	38	0	17	29	28	25	39	38	5	13	46	26	
18	47	27	18	0	31	22	19	26	13	48	48	5	12	0	25	39	21	5	0	48	21	39	3	3	29	19	18	20	25	23	0	25	0	42	16	5	0	29	40	11	8	13	5	42	0	34	37	24	47	40	10	20	20	4	0	0	43	35	0	40	18	30	18	48	0	9	38	30	0	48	39	20	35	33	29	38	34	0	4	27	30	8	16	0	45	0	41	45	48	0	42	37	42	0	0	7	37	0	24	
26	17	15	31	21	0	24	16	4	20	34	22	47	0	31	41	0	32	10	0	49	0	8	35	19	0	0	37	40	0	22	0	49	5	41	5	0	0	23	0	26	19	26	40	45	0	0	40	25	36	33	0	0	7	48	0	47	8	35	27	0	0	4	3	34	41	21	16	1	10	6	30	0	16	22	48	49	42	43	0	31	0	34	27	21	0	4	26	26	12	16	8	0	48	14	13	0	0	21	30	
30	25	5	10	31	15	18	37	2	3	6	46	49	41	38	0	0	42	44	0	0	18	13	4	19	38	8	18	10	28	0	31	4	0	0	13	9	0	0	47	25	27	35	26	16	19	0	47	0	0	49	0	47	0	30	0	14	16	36	0	0	4	43	34	12	13	27	41	22	11	33	37	0	33	25	0	20	0	22	26	42	9	28	3	0	34	49	37	1	21	38	13	0	39	34	31	47	42	28	35	
0	11	0	45	27	43	0	33	8	33	38	21	19	31	30	0	32	0	25	43	1	17	20	37	19	43	16	43	23	0	17	46	26	0	0	37	18	0	0	21	0	12	0	11	47	15	31	37	0	33	0	37	18	23	22	47	0	25	34	47	8	4	0	33	21	13	0	44	0	37	29	14	0	44	48	30	30	36	2	0	28	31	40	27	32	19	43	22	0	20	39	42	15	0	13	0	17	23	46	0	
0	34	33	5	24	0	0	7	43	32	0	35	15	48	21	28	26	27	0	0	0	0	14	34	13	35	0	43	9	11	33	3	46	3	0	43	30	11	20	4	9	21	42	15	26	0	2	2	1	0	47	32	4	27	0	21	38	39	1	32	33	0	0	38	44	0	0	47	39	37	8	14	0	2	27	32	0	48	18	32	0	10	0	40	1	7	15	38	9	35	47	0	0	9	37	29	5	33	19	9	
42	31	36	4	23	21	22	23	22	6	16	18	36	0	0	12	9	43	0	13	0	45	19	0	41	48	0	13	4	49	27	4	48	10	42	44	0	26	34	18	25	21	42	36	32	0	0	19	37	0	0	30	27	0	0	0	7	0	36	43	26	21	0	7	18	19	45	46	31	0	11	7	0	42	7	40	5	47	48	36	28	22	0	21	0	43	0	0	2	0	19	3	41	9	0	7	15	47	31	22	
0	37	47	4	31	9	30	41	3	31	41	0	0	5	20	31	49	0	30	23	37	34	7	35	22	0	40	35	30	0	38	6	35	17	32	4	0	34	2	7	25	24	0	36	41	16	7	0	25	18	11	45	44	0	22	27	42	6	20	11	0	9	47	17	0	38	14	9	15	26	5	10	17	6	0	0	2	33	0	41	3	9	47	0	2	34	28	10	12	0	17	44	0	0	40	26	45	43	42	13	
0	34	46	37	29	0	31	0	20	18	5	1	37	37	31	33	8	0	6	31	20	3	47	1	14	35	38	36	0	5	29	34	19	42	28	16	32	15	44	42	9	0	0	31	28	0	3	30	22	0	0	18	6	12	36	15	43	20	13	11	29	26	3	43	22	0	16	16	40	16	49	28	30	41	0	47	12	41	10	31	0	0	0	23	47	0	43	0	16	28	45	31	22	35	0	0	0	0	25	3	
1	12	6	40	0	42	20	8	8	24	0	34	34	28	47	0	33	19	16	26	28	0	0	40	40	49	10	0	28	3	38	2	32	40	5	19	30	22	0	18	0	42	22	0	40	42	5	25	22	40	0	42	30	24	15	9	7	20	41	0	12	8	0	46	43	18	11	23	26	22	0	7	12	24	49	10	24	21	25	0	9	42	41	18	26	28	41	15	0	14	16	33	25	42	17	16	8	26	46	19	
40	22	34	9	12	8	37	0	27	9	33	0	12	7	27	29	19	35	0	0	38	36	20	10	0	0	24	31	21	10	23	16	3	24	0	0	0	4	40	18	8	42	30	46	17	41	41	13	0	32	45	10	24	27	11	11	3	43	16	16	23	26	36	45	16	0	27	15	4	6	41	0	34	9	44	19	10	0	41	0	3	0	0	34	24	28	44	37	0	0	34	35	30	33	0	0	31	45	0	29	
14	22	0	0	17	0	47	0	0	0	24	15	33	34	46	32	0	24	38	0	0	45	30	7	18	39	0	48	1	29	0	43	21	48	45	15	0	15	48	34	0	27	42	37	47	0	21	46	28	0	36	38	0	16	33	19	5	27	32	44	16	16	0	20	39	30	0	34	43	34	31	36	0	2	0	35	15	0	2	22	22	16	0	41	7	10	15	0	2	30	15	6	0	42	1	18	14	22	23	2	
0	33	11	1	17	0	30	13	43	10	35	0	21	47	0	43	16	25	23	11	5	21	37	28	22	18	0	40	0	41	15	42	4	41	16	10	31	20	30	31	15	16	5	0	2	0	12	31	43	20	13	6	19	0	0	39	4	3	3	20	26	22	46	47	15	6	5	0	10	25	3	25	3	30	41	40	39	40	10	46	37	2	5	47	24	36	18	0	6	18	8	0	32	0	18	22	35	20	0	18	
12	2	0	32	17	33	11	25	36	36	31	42	48	39	24	30	22	27	4	21	0	38	21	0	0	21	31	30	4	16	17	13	6	0	40	7	43	0	5	0	35	0	28	44	0	0	45	21	39	18	12	36	32	42	34	21	15	28	0	47	47	3	0	10	42	35	5	27	10	1	0	6	49	45	31	25	7	38	40	32	31	0	28	31	0	35	17	6	36	1	11	0	0	20	4	13	0	0	35	48	
2	6	8	13	10	7	6	0	23	20	32	43	10	12	25	18	44	0	30	16	24	4	30	10	5	0	10	0	0	10	23	0	42	39	9	28	42	46	24	19	29	0	8	41	13	1	45	24	12	9	15	1	18	11	0	28	7	35	19	0	43	19	16	32	41	26	7	0	0	30	30	35	24	23	0	30	12	14	21	42	39	7	26	3	1	42	14	21	28	18	2	13	13	28	17	11	16	17	0	24	
33	41	39	17	24	47	19	29	10	2	0	43	33	31	27	28	20	40	27	6	28	33	0	42	0	49	0	28	40	27	0	15	18	19	1	31	34	41	5	45	47	1	24	0	42	39	13	19	0	46	19	0	0	31	42	28	48	23	19	15	21	0	2	2	46	0	7	0	0	28	0	22	48	0	0	23	22	19	39	0	39	42	49	29	19	32	7	31	7	39	27	0	41	0	0	30	46	38	12	5	
37	32	18	16	23	30	46	0	29	9	0	4	16	37	21	30	24	46	30	0	1	30	27	38	0	0	0	2	0	0	28	12	9	0	0	0	29	32	21	26	29	44	6	38	0	11	43	36	38	18	0	49	0	17	37	21	35	0	16	14	6	31	37	0	23	24	18	24	32	29	35	14	12	0	18	0	4	47	14	46	47	48	0	3	38	4	6	35	0	16	10	14	38	11	9	15	40	0	34	11	
21	6	20	46	0	9	0	24	24	12	45	9	25	23	18	48	33	3	4	0	28	36	44	0	0	0	4	0	0	45	41	41	42	10	49	0	22	43	0	0	39	16	22	32	0	0	0	36	33	4	35	18	0	0	0	33	0	25	18	30	21	43	0	42	17	48	0	0	46	20	30	18	44	0	7	45	0	23	0	15	2	15	0	0	2	0	0	0	41	12	43	17	32	0	33	42	42	8	7	15	
21	0	1	18	0	26	15	46	29	47	14	26	0	24	47	32	13	44	0	9	8	10	18	41	21	0	18	31	29	0	15	0	0	16	12	20	0	0	18	0	12	29	9	13	20	10	19	0	0	0	6	1	0	43	16	16	43	0	16	0	36	19	44	1	4	2	13	42	0	45	2	34	0	15	0	20	5	6	33	37	0	20	49	10	41	1	26	33	49	30	5	0	0	0	46	42	5	12	24	26	
7	16	6	42	0	29	0	18	4	0	4	25	0	0	7	27	33	0	0	43	0	41	38	32	46	0	0	0	40	9	48	36	0	17	6	30	16	41	0	7	0	44	0	0	44	49	3	14	15	36	45	34	26	29	7	13	12	0	0	33	34	35	2	22	46	14	34	35	34	11	0	41	0	47	20	43	29	26	38	0	32	15	33	34	19	48	46	7	32	44	5	34	40	24	46	5	33	16	3	1	
12	9	16	49	5	0	47	0	32	0	0	46	42	24	6	12	13	7	0	48	0	26	30	4	0	0	24	27	0	0	0	37	46	15	0	43	24	10	10	8	31	35	47	23	23	38	49	18	3	1	44	32	48	0	0	44	12	46	37	28	0	38	13	6	0	16	24	44	42	14	0	33	20	22	0	7	21	14	0	29	24	28	11	17	24	35	5	23	0	14	13	0	48	0	5	23	8	0	15	0	
5	49	2	6	0	26	9	0	37	0	2	39	37	45	24	13	44	10	46	0	23	8	24	39	35	12	6	26	0	26	10	26	47	26	32	40	39	0	7	5	0	48	41	0	41	46	39	39	11	25	42	0	44	45	38	0	39	29	0	2	31	23	8	36	33	24	1	21	29	28	3	46	34	37	44	30	43	0	44	34	21	0	29	34	0	3	38	0	48	23	0	46	37	44	6	0	36	1	0	48	
