Number of operations: 321
Makespan: 3081

0 0 0 0 0 0 0 0 0 0 0 0 0 0 0 0 0 0 0 0 103 106 136 101 101 102 104 101 102 102 106 204 102 201 109 101 137 101 105 216 230 209 253 207 202 121 232 211 224 223 321 279 227 368 209 332 322 328 221 361 256 319 341 337 335 237 556 412 378 373 486 334 463 356 469 354 464 494 358 473 422 584 533 498 658 533 564 473 664 481 435 646 477 478 578 644 577 676 578 805 776 689 625 525 732 737 725 635 579 606 700 696 680 807 806 785 709 788 752 750 854 802 882 821 833 903 872 967 936 847 757 867 843 786 993 1037 964 973 916 899 1064 917 1039 884 973 1022 1033 1027 1064 913 1103 1098 1177 1111 1113 990 1018 1151 1130 1099 1017 1117 1127 1094 1357 1239 1152 1194 1277 1330 1193 1160 1320 1155 1266 1209 1202 1140 1322 1322 1326 1213 1310 1267 1260 1375 1612 1513 1475 1360 1353 1408 1321 1452 1458 1287 1442 1472 1400 1481 1466 1591 1434 1483 1574 1504 1564 1395 1640 1707 1609 1580 1612 1682 1525 1709 1553 1732 1516 1561 1738 1693 1704 1632 1698 1718 1819 1813 1876 1680 1788 1829 1851 1772 1656 1709 1898 1792 2019 1921 1829 1936 1947 1946 1978 1746 2052 2001 1953 1919 1949 1827 1876 2195 1837 1951 2083 1937 2077 2043 2082 2057 2167 2177 2174 2039 2169 2183 2024 2139 2149 2197 2303 2197 2058 2296 2402 2385 2265 2172 2159 2339 2499 2168 2329 2368 2206 2315 2427 2590 2215 2415 2703 2416 2403 2645 2465 2347 2510 2554 2403 2561 2583 2526 2652 2689 2559 2712 2487 2599 2751 2731 2813 2904 2828 2986 2821 2742 2989 2999 3032 

1 1 1 1 1 1 2 2 2 2 2 3 4 5 6 6 9 21 36 37 6 14 25 3 29 5 20 8 33 9 10 29 19 20 44 31 42 22 22 6 7 25 15 47 17 35 41 21 45 18 14 33 29 18 19 24 41 30 43 37 22 3 32 9 42 21 29 3 16 8 10 30 25 17 15 24 13 31 31 5 11 48 31 46 28 2 12 6 12 44 43 11 29 27 24 6 3 30 22 31 6 14 12 42 22 36 8 12 30 46 7 41 41 9 7 37 34 29 20 34 13 31 8 43 31 36 5 36 28 46 42 46 30 44 1 18 34 38 2 28 29 35 12 33 26 5 6 3 49 4 6 24 33 42 44 4 42 36 47 21 23 5 40 8 47 21 23 6 48 42 49 6 14 20 15 17 10 20 36 30 48 8 3 41 6 16 7 39 5 4 30 45 40 41 22 8 34 35 16 46 43 41 6 35 35 47 18 17 6 32 29 24 7 31 31 20 45 14 16 48 15 5 25 40 24 39 18 23 2 8 31 20 46 49 36 38 26 9 20 39 22 23 30 3 17 30 22 2 29 48 9 16 27 34 46 45 23 46 20 34 32 12 29 26 25 33 46 33 18 20 36 5 24 42 7 3 24 5 38 12 9 44 46 47 36 42 27 6 34 40 32 39 39 36 13 41 24 40 41 45 45 28 29 5 42 24 45 30 41 34 44 47 15 44 4 31 43 34 24 28 49 

8 10 14 11 19 6 3 17 18 7 12 2 16 15 0 4 1 9 5 13 6 19 11 14 10 8 12 7 18 17 3 2 16 15 4 0 1 9 5 13 14 8 7 6 17 3 19 16 9 12 5 10 0 18 4 3 11 1 17 15 13 4 16 2 8 14 12 6 0 14 17 7 9 19 13 10 4 5 2 3 1 11 7 19 16 8 10 14 18 2 0 15 6 1 4 0 3 14 13 9 17 1 6 2 5 8 19 7 2 10 3 12 13 4 2 11 6 7 0 10 15 18 16 1 14 3 13 19 12 6 5 0 8 17 10 5 2 4 7 11 17 18 9 14 1 15 8 13 16 6 0 6 14 7 11 3 18 12 3 10 2 1 19 4 15 13 8 2 9 5 18 17 4 0 16 10 1 6 7 11 6 17 19 0 8 3 12 2 14 1 17 10 18 13 8 16 16 0 19 9 4 11 7 18 1 5 6 17 3 15 17 19 7 10 16 8 14 13 0 4 18 9 0 5 2 16 6 14 19 4 1 7 12 11 17 3 5 4 17 9 10 2 0 8 15 13 3 18 16 13 4 1 11 14 6 1 7 10 19 6 12 11 5 8 4 2 9 13 0 16 10 15 1 18 17 0 11 2 3 6 19 7 12 19 10 5 4 15 8 19 9 13 14 4 18 9 0 3 15 1 10 7 3 5 18 11 10 4 13 8 0 13 5 15 7 1 8 14 0 15 1 

3 4 6 8 9 19 0 1 2 12 16 17 11 15 10 13 7 5 18 14 17 10 18 9 19 12 11 3 1 2 13 9 0 6 7 4 14 8 15 13 19 17 7 12 16 5 4 2 11 8 6 14 15 7 3 2 13 3 0 18 5 16 8 19 1 10 2 14 5 4 7 17 13 15 11 12 17 5 10 8 16 11 9 18 3 16 0 15 9 4 6 19 1 12 8 18 17 0 6 12 9 10 4 14 11 4 5 16 15 1 6 7 17 6 0 2 15 13 1 18 11 8 9 17 5 10 1 11 12 16 19 14 15 3 16 7 5 4 6 19 17 13 10 18 15 2 8 19 12 0 11 5 1 4 14 9 6 10 19 15 18 0 2 9 14 8 13 16 19 3 17 6 15 7 6 11 9 18 5 0 11 12 1 2 18 7 9 1 13 8 4 2 12 0 5 10 17 3 16 6 18 7 15 4 11 14 8 10 15 3 18 13 10 8 19 11 2 7 16 12 18 0 13 16 2 4 10 8 17 5 5 11 14 16 19 12 0 19 5 16 13 8 12 7 17 15 1 19 18 9 11 6 15 17 2 13 2 10 12 6 18 4 9 6 1 3 4 10 0 5 7 12 19 14 11 9 12 7 11 3 8 14 1 0 17 8 2 0 19 7 18 4 11 10 15 1 17 18 8 4 6 19 14 12 10 17 5 14 18 9 8 12 17 5 18 1 0 7 19 4 18 
