9	0	0	29	47	0	34	47	0	0	14	23	19	5	28	45	12	38	8	32	0	4	20	12	38	16	1	1	43	40	33	0	47	11	20	19	2	21	0	0	8	43	25	0	45	42	8	0	23	31	10	41	40	3	40	17	41	44	17	7	43	40	14	29	28	15	30	49	40	0	11	0	12	28	20	45	0	37	0	17	45	37	2	9	11	31	0	34	42	2	24	35	10	41	30	48	22	41	0	49	
30	0	0	32	45	0	26	18	0	0	20	24	33	4	37	7	15	30	13	7	0	45	9	28	17	19	16	5	40	36	36	0	10	42	43	46	33	13	0	0	5	12	31	0	49	3	40	0	49	46	45	9	10	31	36	24	33	9	25	12	34	42	2	4	41	27	44	35	5	0	44	0	48	36	29	4	0	28	0	7	44	49	27	10	12	45	0	44	46	6	25	26	32	4	45	14	9	42	0	7	
38	0	0	24	37	0	19	39	0	0	26	26	13	14	19	18	2	22	15	35	0	19	41	15	2	49	12	35	31	34	10	0	42	16	45	32	1	14	0	0	38	1	28	0	48	12	42	0	2	3	25	20	21	29	31	25	38	11	46	44	22	36	24	12	45	37	18	18	23	0	35	0	29	34	39	4	0	33	0	17	46	49	41	10	11	9	0	23	1	48	13	7	7	28	25	32	41	24	0	1	
25	0	0	40	48	0	20	3	0	0	41	15	46	6	6	29	14	49	22	33	0	37	32	29	49	12	12	1	32	37	30	0	19	41	26	44	48	38	0	0	1	44	28	0	20	20	25	0	28	38	5	22	15	25	40	12	9	21	28	49	22	18	27	14	22	28	44	45	47	0	32	0	10	13	38	11	0	12	0	19	36	33	24	37	33	38	0	34	17	15	34	24	6	30	18	7	44	42	0	17	
14	0	0	13	23	0	22	43	0	0	34	11	9	14	29	39	14	32	18	12	0	16	16	6	20	37	32	14	39	16	5	0	32	43	10	32	11	26	0	0	49	25	7	0	23	23	15	0	16	11	31	24	5	41	44	29	5	31	46	20	12	11	34	12	29	7	28	12	8	0	17	0	9	31	28	43	0	20	0	14	8	45	20	10	1	30	0	9	21	10	39	30	38	30	6	5	12	49	0	33	
5	0	0	12	17	0	16	34	0	0	25	11	24	3	49	17	46	33	22	42	0	24	25	49	36	36	5	28	30	36	21	0	18	32	29	22	8	26	0	0	24	2	37	0	20	3	46	0	17	34	48	7	7	36	19	47	43	3	48	29	26	11	28	34	18	19	45	44	46	0	40	0	29	32	21	17	0	29	0	2	15	20	30	29	6	37	0	30	12	41	34	31	21	12	41	19	48	2	0	2	
38	0	0	11	7	0	37	34	0	0	8	22	22	13	19	12	6	1	12	42	0	39	48	1	6	39	18	36	10	49	31	0	15	9	28	40	28	8	0	0	24	31	2	0	4	16	30	0	39	14	35	23	18	32	45	47	13	37	37	38	26	24	26	16	25	42	7	5	39	0	12	0	46	27	37	47	0	33	0	7	26	18	46	19	48	9	0	25	35	19	32	1	39	13	36	15	16	27	0	18	
48	0	0	40	48	0	37	21	0	0	17	10	41	41	3	21	42	22	44	5	0	49	35	42	20	18	26	7	10	7	48	0	2	46	48	9	26	23	0	0	34	19	11	0	5	14	48	0	18	40	17	25	44	5	37	24	7	9	46	5	2	15	20	12	28	31	44	33	18	0	26	0	2	46	1	37	0	19	0	16	8	19	13	32	38	48	0	48	23	42	36	45	12	42	11	2	36	5	0	20	
14	0	0	47	23	0	27	32	0	0	12	29	39	44	45	1	43	13	31	17	0	40	43	4	43	2	45	22	39	43	49	0	45	29	37	3	32	18	0	0	49	22	32	0	47	39	48	0	6	36	49	46	12	24	17	2	20	36	47	35	35	31	20	11	28	41	28	6	27	0	29	0	13	32	4	15	0	44	0	33	10	40	15	21	48	44	0	49	45	39	47	36	15	3	16	43	40	37	0	31	
24	0	0	42	6	0	8	19	0	0	36	43	38	17	20	27	27	22	9	10	0	24	2	20	41	20	6	3	11	32	29	0	29	13	17	10	28	11	0	0	8	38	34	0	37	8	24	0	36	24	32	28	39	44	44	25	29	49	2	46	12	46	35	14	47	2	23	26	17	0	47	0	10	3	40	42	0	6	0	36	26	19	18	24	22	36	0	24	28	9	11	15	26	46	40	12	1	8	0	40	
21	0	0	42	29	0	21	46	0	0	10	44	21	18	7	39	13	5	44	2	0	9	23	28	27	35	5	49	43	45	42	0	20	32	28	24	16	16	0	0	16	15	40	0	20	22	13	0	12	23	9	28	31	7	36	17	39	39	30	15	22	10	19	1	27	4	30	41	31	0	27	0	48	42	45	38	0	27	0	15	31	9	43	14	19	12	0	49	30	14	43	20	35	1	17	21	43	19	0	43	
20	0	0	22	45	0	42	13	0	0	31	10	45	29	3	43	22	45	23	15	0	8	15	24	18	12	49	24	17	23	10	0	37	10	3	33	18	6	0	0	25	13	9	0	42	13	6	0	41	32	20	33	22	18	11	3	2	19	49	4	4	45	22	25	19	31	38	38	34	0	49	0	13	32	4	49	0	22	0	9	37	7	9	32	9	2	0	2	15	4	27	42	46	21	46	33	18	42	0	41	
36	0	0	11	29	0	23	3	0	0	30	18	2	9	46	23	41	21	12	14	0	29	22	34	26	47	15	16	30	29	2	0	39	8	29	33	3	14	0	0	47	42	2	0	27	34	48	0	46	14	3	46	21	8	49	29	11	28	3	38	13	46	27	4	20	20	35	15	7	0	47	0	22	40	44	25	0	8	0	24	8	44	36	29	39	32	0	39	27	14	48	20	24	36	5	19	40	37	0	30	
22	0	0	30	46	0	23	10	0	0	9	38	34	9	19	18	15	15	12	5	0	20	24	21	49	13	2	47	45	40	23	0	4	7	48	25	4	39	0	0	44	43	31	0	6	21	15	0	2	38	18	48	1	35	6	15	29	31	1	21	16	5	29	27	1	3	39	7	35	0	31	0	47	17	2	13	0	15	0	25	9	46	31	19	9	25	0	7	30	39	1	3	7	46	39	40	26	29	0	25	
40	0	0	10	24	0	35	8	0	0	46	9	6	23	42	2	19	24	31	39	0	8	49	37	39	29	19	14	9	4	43	0	38	29	45	2	15	47	0	0	17	34	41	0	49	7	15	0	43	31	17	30	2	16	31	14	1	17	15	10	40	1	47	27	40	3	25	48	11	0	37	0	32	5	40	24	0	28	0	34	17	6	46	41	25	34	0	39	7	46	4	37	32	48	8	35	23	47	0	42	
40	0	0	14	25	0	35	36	0	0	21	25	27	42	26	31	35	44	46	33	0	16	45	21	46	15	38	20	29	18	38	0	38	17	47	25	39	32	0	0	11	32	19	0	12	40	45	0	48	37	49	36	3	42	26	39	8	38	49	10	48	38	43	16	25	6	8	3	43	0	26	0	42	26	35	17	0	47	0	10	41	19	25	49	49	1	0	2	36	28	7	15	28	39	31	21	11	26	0	7	
11	0	0	15	7	0	30	17	0	0	8	23	20	18	24	25	27	39	27	35	0	42	12	36	25	23	25	30	3	32	36	0	13	45	13	37	32	12	0	0	37	27	17	0	32	12	35	0	48	5	21	22	40	4	40	18	49	15	5	48	30	10	13	7	18	36	6	48	35	0	13	0	36	6	23	25	0	40	0	22	42	3	9	47	34	29	0	28	20	36	48	34	11	8	2	4	49	48	0	23	
30	0	0	28	16	0	45	36	0	0	27	26	11	5	26	44	39	3	47	2	0	4	33	33	36	39	16	1	13	22	39	0	40	45	23	17	3	43	0	0	13	36	19	0	3	6	15	0	21	7	40	26	41	24	37	37	25	41	1	46	19	40	40	35	21	9	16	36	24	0	23	0	18	44	12	10	0	14	0	44	1	21	47	6	46	36	0	39	5	44	2	11	36	45	49	43	13	24	0	47	
43	0	0	16	10	0	5	7	0	0	9	27	12	29	16	6	28	40	20	42	0	30	14	48	43	12	23	2	21	33	8	0	16	22	5	15	47	15	0	0	22	19	11	0	14	16	6	0	42	7	49	11	35	31	20	43	27	9	49	2	14	19	20	43	26	2	35	35	19	0	35	0	21	29	18	4	0	42	0	41	4	3	1	4	21	17	0	35	22	36	5	46	3	36	7	16	16	44	0	3	
39	0	0	34	41	0	13	43	0	0	7	16	38	5	34	42	46	2	48	49	0	15	5	25	34	7	35	31	25	15	7	0	34	16	41	29	22	13	0	0	43	34	11	0	10	27	2	0	44	3	5	47	12	41	45	6	31	35	10	13	28	21	22	28	14	37	20	38	33	0	36	0	13	2	40	15	0	10	0	9	22	46	12	23	28	3	0	26	34	25	36	47	25	40	21	17	49	4	0	22	
1	0	0	6	4	0	35	46	0	0	20	31	21	15	11	2	27	42	7	2	0	19	29	31	44	16	18	36	20	1	45	0	45	34	43	36	26	24	0	0	29	29	26	0	43	6	45	0	17	40	43	39	1	41	48	49	11	13	44	36	16	40	19	13	15	26	9	27	15	0	29	0	18	37	47	47	0	37	0	38	10	31	13	34	36	6	0	29	21	25	7	8	14	42	4	43	36	30	0	19	
14	0	0	15	21	0	6	38	0	0	25	45	48	34	12	2	11	42	3	43	0	24	49	3	22	7	6	40	4	48	8	0	34	12	5	37	29	40	0	0	40	30	48	0	41	3	16	0	19	16	25	11	19	21	36	40	43	24	38	31	11	8	5	2	24	22	28	30	33	0	20	0	29	48	8	29	0	24	0	24	10	8	46	22	33	17	0	47	40	40	25	30	30	28	16	45	5	37	0	17	
42	0	0	47	43	0	28	15	0	0	31	49	6	22	3	11	40	46	27	12	0	34	45	37	34	2	13	43	27	20	27	0	13	18	45	26	38	33	0	0	11	48	24	0	16	32	33	0	45	47	45	14	24	23	34	42	49	41	29	44	44	39	41	28	17	3	6	49	39	0	20	0	6	19	30	20	0	39	0	31	17	3	12	19	32	7	0	7	15	40	24	34	4	27	4	37	19	28	0	8	
18	0	0	5	35	0	7	17	0	0	1	14	36	2	21	4	36	44	33	10	0	12	7	14	28	31	46	20	32	39	27	0	31	20	24	43	27	24	0	0	42	28	14	0	47	3	30	0	14	40	14	2	35	11	44	5	31	40	45	21	17	46	41	9	7	30	38	15	31	0	19	0	49	21	12	19	0	46	0	35	34	30	23	10	10	26	0	47	39	23	28	26	38	31	44	3	23	35	0	29	
31	0	0	28	34	0	15	38	0	0	13	22	39	46	33	47	3	14	13	3	0	36	20	10	40	29	25	14	6	8	32	0	1	26	14	26	45	35	0	0	40	15	28	0	46	22	47	0	1	24	21	3	31	41	15	36	2	12	47	19	22	38	8	28	36	9	31	36	40	0	37	0	39	4	35	40	0	23	0	24	20	19	36	25	22	22	0	34	24	6	33	48	1	5	16	18	11	28	0	21	
25	0	0	38	31	0	19	5	0	0	29	41	24	13	21	3	30	48	13	7	0	10	44	20	35	3	24	39	36	45	45	0	37	38	23	31	12	1	0	0	39	43	28	0	39	28	12	0	24	29	24	30	7	21	44	12	5	27	11	35	31	12	14	11	44	43	35	4	24	0	35	0	3	47	5	48	0	26	0	26	18	15	39	13	5	16	0	10	36	34	30	29	36	45	11	45	48	1	0	37	
10	0	0	43	10	0	33	40	0	0	17	33	41	29	2	44	21	45	40	22	0	25	9	42	24	6	36	29	26	32	39	0	21	49	27	22	27	14	0	0	13	4	45	0	23	4	32	0	35	32	17	35	7	6	5	46	3	1	3	4	15	5	38	41	8	45	44	36	41	0	2	0	33	28	13	6	0	1	0	16	20	42	40	16	9	34	0	33	13	3	33	29	11	32	10	42	49	19	0	42	
44	0	0	46	23	0	3	47	0	0	41	49	6	26	37	1	5	30	25	43	0	48	19	27	38	46	31	12	4	42	8	0	2	49	49	7	28	22	0	0	1	45	4	0	26	6	36	0	32	25	39	40	6	37	32	42	16	20	39	4	35	26	23	11	37	3	21	48	17	0	27	0	17	17	28	16	0	13	0	49	49	22	4	20	43	24	0	47	2	21	20	9	45	34	32	34	47	45	0	28	
14	0	0	37	5	0	18	22	0	0	44	34	37	3	14	47	20	35	3	4	0	16	43	21	19	28	46	24	5	49	47	0	8	30	36	25	42	41	0	0	49	12	43	0	35	45	24	0	28	18	8	43	47	43	29	43	44	18	14	18	27	10	44	23	10	9	26	8	15	0	13	0	16	21	21	41	0	48	0	6	21	11	8	23	23	13	0	14	22	36	28	17	32	49	26	25	14	38	0	26	
11	0	0	33	2	0	22	3	0	0	45	14	2	32	3	3	46	34	32	30	0	19	3	36	41	46	33	15	9	23	31	0	17	32	46	10	13	21	0	0	34	37	5	0	30	13	33	0	9	19	20	23	21	47	41	17	20	40	5	5	1	32	29	47	45	12	8	47	34	0	47	0	29	28	42	4	0	8	0	13	35	15	34	23	44	6	0	1	2	48	4	42	10	45	40	22	16	24	0	35	
6	0	0	37	31	0	2	17	0	0	19	40	38	8	45	27	30	31	2	43	0	16	20	30	42	14	35	8	25	9	48	0	26	29	30	33	15	35	0	0	29	3	35	0	35	2	48	0	24	13	37	46	24	35	8	43	46	15	30	38	13	39	49	22	9	14	40	42	31	0	36	0	23	6	7	30	0	33	0	28	27	16	48	2	17	48	0	15	46	32	29	8	43	14	11	46	41	32	0	16	
30	0	0	18	47	0	47	14	0	0	40	43	28	47	19	21	29	3	25	48	0	29	43	39	29	14	31	37	37	18	16	0	37	49	8	40	11	48	0	0	48	40	35	0	45	26	33	0	38	29	13	47	6	17	21	34	19	37	22	2	28	20	47	37	35	8	8	31	37	0	24	0	6	27	14	28	0	9	0	25	48	47	25	43	18	11	0	40	29	10	29	15	12	16	32	39	1	44	0	23	
7	0	0	20	35	0	15	45	0	0	18	17	35	24	11	1	33	15	45	35	0	27	37	27	43	10	10	13	31	18	40	0	10	8	24	22	34	21	0	0	2	21	7	0	19	32	28	0	3	5	8	3	36	1	33	29	28	34	34	25	7	11	48	13	32	28	21	46	42	0	17	0	7	4	9	1	0	41	0	37	15	48	33	45	29	37	0	42	2	35	30	43	10	10	41	45	22	42	0	48	
2	0	0	37	37	0	17	4	0	0	4	10	1	23	17	46	32	9	26	1	0	20	42	33	2	11	16	49	29	37	36	0	9	45	9	14	34	35	0	0	20	46	17	0	41	22	4	0	3	5	47	19	35	31	23	43	26	7	12	39	21	40	27	33	48	29	1	31	25	0	2	0	48	17	34	23	0	19	0	11	30	21	25	41	4	7	0	29	41	32	12	37	14	47	19	34	1	37	0	29	
47	0	0	24	20	0	35	35	0	0	3	2	9	28	13	18	36	23	24	1	0	16	15	9	39	35	49	38	22	4	48	0	15	19	9	32	8	1	0	0	17	41	45	0	4	35	36	0	24	29	13	25	32	49	40	43	17	47	33	39	27	9	48	47	12	17	32	37	16	0	41	0	38	32	41	30	0	15	0	33	31	12	8	32	21	41	0	23	24	35	15	42	23	23	34	40	4	43	0	35	
44	0	0	42	13	0	25	39	0	0	42	14	35	9	44	37	37	48	8	42	0	26	20	35	23	18	13	18	8	20	38	0	37	26	23	21	21	30	0	0	11	9	37	0	44	47	31	0	9	34	41	11	11	28	30	10	7	15	49	27	40	7	33	20	5	11	39	13	46	0	12	0	16	22	12	38	0	46	0	17	18	11	33	26	40	27	0	22	22	8	3	10	2	30	12	4	25	23	0	6	
8	0	0	45	44	0	33	21	0	0	38	41	17	16	6	5	44	26	35	3	0	20	24	9	1	19	6	12	41	46	26	0	42	36	24	31	47	45	0	0	49	9	6	0	2	41	31	0	28	46	32	18	47	36	1	3	15	43	30	9	25	8	14	47	36	4	2	21	16	0	38	0	17	45	18	48	0	24	0	44	29	1	27	7	33	20	0	46	13	35	1	38	48	1	25	49	20	38	0	40	
40	0	0	17	42	0	19	8	0	0	33	17	12	35	31	48	10	13	24	11	0	22	8	4	45	1	3	36	24	1	13	0	8	23	15	40	38	24	0	0	33	8	9	0	16	43	9	0	48	6	37	46	39	40	36	5	46	8	6	29	1	44	13	43	21	30	44	8	43	0	4	0	11	15	37	21	0	29	0	47	33	30	16	48	44	9	0	2	47	46	34	20	37	11	41	48	12	46	0	49	
11	0	0	15	44	0	35	2	0	0	31	41	3	47	37	36	35	28	20	25	0	48	10	23	45	14	4	12	45	10	35	0	1	8	47	5	5	7	0	0	18	35	14	0	27	36	46	0	20	5	18	39	24	49	32	41	12	37	24	28	29	23	23	46	38	2	34	38	37	0	25	0	27	37	33	23	0	46	0	6	38	37	42	12	37	9	0	38	36	42	39	44	33	35	42	49	11	18	0	41	
3	0	0	43	3	0	49	16	0	0	20	39	46	44	17	46	2	21	26	37	0	38	27	40	21	49	40	17	11	9	20	0	29	31	36	4	27	38	0	0	12	35	13	0	7	44	3	0	2	2	48	26	21	24	23	19	35	14	37	28	31	37	40	41	47	1	10	16	10	0	14	0	32	7	31	42	0	39	0	15	34	30	13	28	39	21	0	7	16	36	20	35	2	3	19	40	47	39	0	29	
19	0	0	45	24	0	33	37	0	0	9	18	27	14	17	8	35	25	1	42	0	29	49	19	21	45	38	18	7	15	10	0	24	29	10	43	2	30	0	0	14	40	47	0	26	33	35	0	36	48	39	37	33	28	21	16	15	31	34	22	37	18	24	7	5	33	16	36	28	0	3	0	40	41	20	26	0	38	0	31	31	16	25	38	49	8	0	47	28	42	42	8	4	45	2	5	16	37	0	33	
8	0	0	24	10	0	26	8	0	0	24	44	39	19	25	47	8	24	38	18	0	38	36	28	17	10	23	31	19	37	3	0	26	42	13	26	37	11	0	0	5	1	42	0	31	3	2	0	5	45	41	5	28	41	12	19	28	19	22	44	34	17	26	15	12	30	28	17	14	0	23	0	31	11	15	38	0	2	0	5	13	31	37	32	29	39	0	42	9	31	24	35	47	39	36	29	30	28	0	45	
35	0	0	48	7	0	28	16	0	0	11	46	15	32	45	45	40	25	26	30	0	36	14	16	19	24	10	43	9	32	32	0	14	28	10	1	25	27	0	0	11	23	26	0	23	7	33	0	48	46	11	48	45	46	25	11	23	36	38	22	42	15	38	42	22	32	16	13	44	0	23	0	16	15	12	44	0	35	0	35	27	36	48	47	44	32	0	20	20	4	7	41	27	5	16	40	11	27	0	29	
10	0	0	22	11	0	18	39	0	0	46	43	22	24	30	24	40	5	24	5	0	43	24	7	15	17	12	45	36	33	27	0	25	30	49	13	37	15	0	0	43	2	15	0	27	26	31	0	11	43	44	40	39	49	18	21	1	41	14	43	42	27	11	24	30	39	7	8	36	0	12	0	17	37	14	25	0	12	0	21	19	38	15	34	40	2	0	28	11	17	26	25	49	31	46	33	7	18	0	2	
16	0	0	5	37	0	33	26	0	0	49	29	14	36	11	15	5	7	11	14	0	15	34	6	28	3	33	21	21	42	9	0	17	42	4	10	3	32	0	0	9	34	18	0	39	16	9	0	6	1	1	27	43	18	27	20	4	14	29	34	15	24	7	38	44	41	38	7	19	0	19	0	24	23	8	15	0	21	0	10	41	17	12	45	21	35	0	39	2	12	12	40	17	22	16	5	5	47	0	37	
4	0	0	44	43	0	3	8	0	0	6	11	2	47	21	40	28	13	32	17	0	5	21	46	27	46	48	16	4	41	23	0	30	27	48	16	35	2	0	0	34	5	20	0	21	10	45	0	35	13	39	36	22	4	17	9	38	1	49	22	41	45	31	46	26	23	11	26	14	0	20	0	23	39	8	40	0	37	0	3	7	19	2	44	21	13	0	39	32	16	43	11	37	8	11	3	18	32	0	38	
20	0	0	6	28	0	36	30	0	0	29	42	38	36	2	3	41	28	14	15	0	16	1	4	34	7	18	4	13	43	21	0	27	17	33	27	39	38	0	0	5	28	48	0	17	25	19	0	39	11	11	14	35	42	44	48	32	26	32	12	21	42	11	45	44	41	27	41	8	0	38	0	15	39	44	2	0	32	0	48	1	31	34	4	37	35	0	5	18	18	45	5	44	28	41	25	22	47	0	6	
1	0	0	5	25	0	4	6	0	0	48	12	37	19	16	15	33	1	12	37	0	5	24	19	34	48	27	40	35	28	42	0	20	48	32	43	2	35	0	0	32	18	33	0	43	18	30	0	3	22	28	21	41	13	15	25	30	35	19	17	7	14	9	23	9	20	49	40	40	0	17	0	40	24	3	36	0	24	0	18	27	22	26	40	46	24	0	16	10	9	24	1	13	46	25	47	1	17	0	39	
40	0	0	27	30	0	8	14	0	0	44	25	33	29	40	13	6	29	20	39	0	13	40	16	4	5	4	42	16	12	10	0	9	38	36	11	27	8	0	0	48	40	13	0	47	36	23	0	18	4	25	30	9	49	2	39	9	34	42	40	24	34	1	41	34	20	17	37	46	0	17	0	2	25	12	44	0	8	0	25	42	35	45	21	34	11	0	44	47	32	15	30	44	30	29	14	28	23	0	27	
4	0	0	21	20	0	38	5	0	0	46	1	24	6	1	33	2	9	32	19	0	49	24	1	34	42	21	3	3	42	3	0	27	47	4	8	27	9	0	0	9	4	30	0	44	43	19	0	20	32	36	33	43	37	11	19	18	31	33	16	46	21	49	12	41	4	49	29	16	0	35	0	40	30	29	16	0	33	0	43	6	20	16	29	11	42	0	11	21	7	29	10	34	11	11	6	13	41	0	12	
43	0	0	49	26	0	6	36	0	0	22	36	35	35	16	45	19	41	18	24	0	19	43	31	44	22	40	8	36	33	45	0	26	7	26	26	11	13	0	0	39	40	43	0	40	18	36	0	46	7	48	36	23	11	32	5	24	12	31	25	47	14	1	47	33	24	33	24	42	0	26	0	35	31	7	31	0	47	0	16	29	41	39	13	19	42	0	44	5	38	28	8	28	7	38	10	14	28	0	35	
46	0	0	41	40	0	8	30	0	0	8	9	7	34	42	48	16	46	5	21	0	1	8	17	6	4	6	6	26	21	37	0	49	17	18	21	21	49	0	0	42	17	10	0	21	20	38	0	17	24	8	11	14	37	28	11	46	6	16	2	27	26	46	27	14	25	33	1	40	0	6	0	13	45	19	12	0	40	0	10	26	21	39	35	29	19	0	7	38	33	23	28	28	40	1	2	36	10	0	1	
21	0	0	20	12	0	1	29	0	0	19	3	24	27	28	33	45	6	9	45	0	35	39	14	31	45	5	32	20	9	18	0	1	43	46	42	17	11	0	0	2	23	7	0	38	45	43	0	49	24	26	14	28	1	7	34	40	6	14	38	29	17	36	21	45	27	49	46	43	0	21	0	14	46	37	9	0	4	0	44	27	41	29	31	40	23	0	17	18	18	15	26	41	19	29	4	1	2	0	37	
47	0	0	45	21	0	40	2	0	0	9	37	44	47	38	32	17	30	22	33	0	28	48	17	29	1	4	32	36	27	13	0	15	45	19	8	35	17	0	0	2	14	38	0	39	26	23	0	43	26	43	18	16	23	31	9	37	41	11	24	46	41	42	45	43	32	45	3	11	0	12	0	11	28	47	22	0	29	0	45	30	21	37	22	35	18	0	8	26	46	21	28	18	18	32	10	6	35	0	42	
17	0	0	1	33	0	22	37	0	0	7	6	2	25	18	37	30	42	30	23	0	26	8	10	16	35	31	45	16	28	20	0	37	37	48	6	19	21	0	0	35	22	33	0	31	34	28	0	13	48	32	15	35	49	18	26	31	36	3	4	48	9	14	19	28	32	32	49	49	0	12	0	2	34	16	9	0	14	0	42	4	9	14	1	37	6	0	14	13	35	25	25	21	39	14	38	25	3	0	35	
5	0	0	32	2	0	24	13	0	0	43	36	7	12	41	24	25	11	43	29	0	35	16	43	21	17	45	39	27	49	8	0	24	22	16	11	3	36	0	0	11	21	39	0	22	40	38	0	12	33	29	17	28	49	18	46	25	24	23	14	6	32	38	13	43	22	6	33	43	0	21	0	26	35	4	19	0	48	0	43	18	19	47	14	45	26	0	33	18	5	24	5	32	17	8	33	42	44	0	15	
1	0	0	43	10	0	31	18	0	0	34	42	7	45	16	25	18	3	12	4	0	2	36	37	20	3	19	28	40	6	22	0	16	34	48	18	1	21	0	0	40	2	2	0	4	18	10	0	9	42	26	47	47	47	3	27	35	37	5	14	41	42	2	30	28	10	28	29	37	0	25	0	17	28	4	10	0	7	0	12	42	25	48	47	17	25	0	3	26	12	35	45	19	33	21	37	13	2	0	5	
15	0	0	7	10	0	48	5	0	0	4	24	18	37	9	27	37	38	20	10	0	6	39	43	33	26	35	43	33	34	20	0	20	40	13	39	30	31	0	0	29	34	34	0	31	45	23	0	44	41	27	32	49	15	43	35	36	36	10	9	7	47	41	2	34	20	24	2	19	0	6	0	28	23	37	31	0	22	0	4	42	12	3	46	21	45	0	46	28	35	21	22	26	40	42	35	25	39	0	14	
25	0	0	3	3	0	25	16	0	0	15	47	42	41	30	24	43	22	19	9	0	38	25	16	22	31	6	1	48	16	25	0	14	34	40	13	11	39	0	0	46	37	18	0	23	35	5	0	39	36	27	35	27	2	48	3	28	2	9	29	1	7	33	16	31	15	34	15	28	0	38	0	28	6	38	3	0	29	0	47	5	39	30	19	5	8	0	1	47	9	1	15	16	28	40	36	36	44	0	6	
22	0	0	21	47	0	6	23	0	0	9	28	43	46	9	33	16	7	32	44	0	17	27	19	40	31	18	26	45	24	1	0	1	21	34	49	28	17	0	0	19	12	48	0	33	37	45	0	33	46	11	22	3	21	15	38	25	46	42	31	46	31	21	48	27	33	41	5	27	0	7	0	42	39	42	17	0	16	0	3	7	22	23	27	23	44	0	23	23	47	28	28	46	20	46	20	40	30	0	10	
37	0	0	25	13	0	45	45	0	0	12	48	40	16	11	26	17	39	34	38	0	47	19	8	19	7	32	4	38	35	32	0	20	15	6	26	36	27	0	0	13	35	44	0	4	33	49	0	49	1	25	2	32	32	18	49	36	20	46	28	41	22	47	11	10	2	23	46	9	0	20	0	15	7	44	29	0	27	0	16	20	29	22	35	30	1	0	20	44	39	24	47	28	26	9	8	49	48	0	39	
8	0	0	1	26	0	49	22	0	0	37	30	49	37	29	28	12	42	23	25	0	26	17	5	10	3	30	32	29	20	9	0	26	12	45	21	26	9	0	0	35	3	16	0	25	23	18	0	14	13	28	16	30	36	31	48	49	49	37	45	33	29	38	17	47	13	47	31	16	0	38	0	5	27	45	20	0	33	0	26	40	20	47	45	34	1	0	35	19	17	13	28	37	30	46	15	15	13	0	21	
26	0	0	41	20	0	17	42	0	0	22	40	42	42	19	43	42	16	47	26	0	11	33	42	49	2	13	41	17	35	26	0	3	48	35	20	9	9	0	0	6	17	17	0	24	29	47	0	16	12	47	48	41	47	1	20	12	48	38	20	46	7	37	6	5	28	23	29	40	0	30	0	45	20	35	4	0	43	0	41	6	29	6	13	20	14	0	18	44	39	33	34	42	44	2	33	33	46	0	47	
43	0	0	19	7	0	18	35	0	0	28	45	47	23	39	31	3	33	16	26	0	49	14	49	23	48	6	35	12	21	44	0	39	41	1	13	29	37	0	0	10	21	16	0	22	26	18	0	42	19	18	29	12	9	31	14	39	43	46	35	22	36	41	2	9	7	25	47	21	0	31	0	29	34	47	9	0	26	0	32	17	4	11	8	27	8	0	6	36	29	7	33	11	42	28	24	17	5	0	1	
34	0	0	37	36	0	25	7	0	0	27	9	15	42	45	11	9	25	7	49	0	26	1	29	20	16	17	32	40	42	25	0	41	39	1	34	17	31	0	0	31	43	32	0	20	20	22	0	25	29	21	18	32	24	31	30	36	1	46	46	46	39	44	7	20	2	6	41	11	0	26	0	32	22	12	39	0	21	0	2	45	47	43	21	3	19	0	7	1	17	27	25	9	27	14	45	16	13	0	38	
48	0	0	24	14	0	27	18	0	0	40	13	33	47	30	38	29	39	15	24	0	37	2	1	31	21	3	6	17	38	39	0	27	49	39	29	2	22	0	0	4	35	12	0	45	40	22	0	46	32	23	21	44	48	5	31	9	5	41	2	4	48	36	18	21	32	14	26	42	0	37	0	39	32	12	4	0	2	0	11	11	9	21	42	7	39	0	40	30	47	10	29	20	28	15	43	3	16	0	6	
25	0	0	38	4	0	6	39	0	0	36	12	39	29	16	27	29	35	35	5	0	11	7	25	39	46	14	3	16	3	25	0	5	38	18	13	13	21	0	0	18	4	25	0	29	19	35	0	26	32	18	35	16	1	9	37	19	24	24	43	46	30	5	4	19	24	21	20	9	0	26	0	19	48	45	45	0	14	0	46	16	46	41	2	49	2	0	49	38	47	2	39	24	24	44	36	34	9	0	37	
4	0	0	4	11	0	37	23	0	0	2	37	47	11	33	12	14	38	36	27	0	23	33	26	14	10	25	31	1	23	9	0	45	16	36	46	42	38	0	0	39	21	39	0	11	21	33	0	15	16	30	25	34	29	42	47	13	49	46	40	24	30	43	49	13	42	26	45	35	0	9	0	16	19	35	41	0	33	0	26	22	4	32	35	12	2	0	21	34	49	12	47	13	26	1	25	3	48	0	6	
31	0	0	40	37	0	15	42	0	0	14	7	20	44	33	40	48	38	24	43	0	26	26	32	3	26	36	47	11	28	35	0	20	30	26	38	45	31	0	0	6	3	31	0	20	38	26	0	19	8	18	28	30	43	19	43	11	27	15	3	38	6	46	15	15	33	47	13	19	0	39	0	45	35	33	39	0	40	0	28	19	33	11	48	5	21	0	24	20	19	36	35	9	23	31	11	4	32	0	46	
47	0	0	15	24	0	12	40	0	0	27	23	25	9	34	22	22	27	25	15	0	7	5	4	4	8	8	16	18	20	10	0	12	33	47	3	21	8	0	0	9	42	14	0	4	29	31	0	25	10	18	38	26	4	12	32	7	42	28	19	5	39	17	44	10	12	3	29	4	0	5	0	47	34	40	20	0	33	0	18	10	19	45	41	46	21	0	4	35	20	13	22	24	30	42	41	30	36	0	21	
25	8	38	2	1	8	5	40	0	0	39	0	49	40	41	21	0	38	24	27	9	48	26	0	14	0	0	28	0	27	46	19	1	21	47	16	2	41	2	1	46	25	36	47	37	36	4	30	10	0	43	47	8	29	44	43	21	45	29	45	0	6	44	0	19	7	34	29	46	10	32	20	32	0	25	0	0	16	24	0	23	31	29	43	32	0	14	5	33	0	14	34	16	0	21	0	5	29	0	36	
18	13	31	32	12	40	20	8	0	0	19	0	21	9	22	14	0	8	2	45	37	32	46	0	35	0	0	12	0	40	14	33	12	10	15	31	20	14	11	44	21	28	4	41	1	48	29	28	18	0	22	34	29	10	2	46	7	45	34	3	0	21	36	0	29	7	25	34	30	3	30	7	41	0	37	0	0	8	30	0	9	30	44	35	26	0	45	24	4	0	23	20	15	0	44	0	22	45	0	7	
42	11	13	7	24	46	14	26	0	0	20	0	28	4	5	20	0	35	31	27	5	36	23	0	18	0	0	1	0	35	1	12	38	2	46	1	8	5	4	40	4	46	37	25	38	15	26	24	23	0	6	21	10	7	19	31	42	38	47	39	0	2	39	0	12	46	48	16	39	38	26	2	12	0	46	0	0	41	37	0	27	31	23	48	36	0	8	44	29	0	19	2	14	0	19	0	42	1	0	33	
7	28	33	2	1	19	6	28	0	0	14	0	15	16	40	32	0	31	21	35	37	39	44	0	13	0	0	33	0	36	40	2	7	24	39	3	19	34	19	17	17	17	1	33	41	46	21	35	42	0	11	44	11	17	30	43	33	27	23	24	0	19	31	0	18	26	48	7	29	22	22	28	47	0	39	0	0	2	10	0	3	36	32	28	11	0	6	42	44	0	12	36	17	0	28	0	49	2	0	37	
14	19	10	30	34	11	39	28	0	0	14	0	44	33	34	22	0	12	33	33	9	28	28	0	42	0	0	33	0	6	42	13	45	2	46	2	48	8	2	39	37	18	38	1	45	22	23	23	45	0	29	2	16	36	34	43	46	22	34	11	0	25	37	0	1	36	46	4	20	26	24	16	48	0	21	0	0	17	22	0	14	41	48	24	33	0	41	4	1	0	47	3	6	0	15	0	47	31	0	16	
38	17	13	5	30	41	10	35	0	0	12	0	3	24	5	27	0	45	9	41	22	3	46	0	5	0	0	39	0	6	29	30	14	15	4	8	9	12	32	6	29	21	10	21	8	1	9	9	42	0	40	30	29	38	46	32	19	26	31	25	0	16	15	0	23	39	2	48	44	22	39	25	14	0	47	0	0	17	49	0	44	21	25	24	27	0	47	34	3	0	26	33	48	0	11	0	25	30	0	47	
7	47	44	39	35	1	48	6	0	0	4	0	6	16	34	31	0	16	2	43	37	36	12	0	34	0	0	42	0	48	10	20	33	3	17	26	17	33	12	12	17	1	19	2	40	25	1	19	12	0	17	41	37	2	9	39	14	14	47	43	0	30	32	0	15	2	12	6	14	7	41	32	47	0	5	0	0	39	45	0	42	6	39	31	13	0	12	8	35	0	49	49	9	0	19	0	7	23	0	48	
32	30	21	7	21	7	49	46	0	0	27	0	7	29	34	44	0	24	10	43	10	26	8	0	5	0	0	12	0	7	17	29	22	24	36	22	22	4	38	6	28	38	45	24	45	29	48	48	33	0	29	1	13	47	43	46	26	14	7	25	0	13	49	0	26	22	25	1	16	43	17	10	18	0	40	0	0	34	22	0	27	14	4	47	15	0	15	32	46	0	30	36	46	0	42	0	12	5	0	31	
43	39	2	44	14	14	5	30	0	0	33	0	48	8	45	36	0	46	5	20	14	3	17	0	33	0	0	30	0	21	34	48	20	12	46	20	39	15	44	39	17	32	27	43	38	44	11	17	17	0	1	11	23	16	11	25	40	39	24	43	0	14	1	0	34	15	41	41	25	33	31	5	12	0	47	0	0	21	34	0	44	35	19	8	16	0	8	45	28	0	49	29	30	0	20	0	10	19	0	9	
17	2	26	11	28	16	34	41	0	0	30	0	26	48	42	14	0	40	13	36	29	36	7	0	42	0	0	20	0	2	32	18	28	25	37	12	28	19	22	29	44	47	40	4	35	5	38	19	37	0	19	38	31	1	15	14	33	20	22	17	0	49	27	0	6	42	23	11	10	2	27	25	40	0	40	0	0	46	8	0	23	11	34	6	15	0	45	31	48	0	12	41	37	0	5	0	25	41	0	1	
6	14	36	41	42	4	16	40	3	35	36	0	47	8	3	2	41	21	43	6	13	0	29	37	44	29	32	13	0	44	0	16	25	38	8	0	13	18	27	0	32	32	34	3	0	0	2	0	37	13	0	36	1	11	27	0	11	3	35	33	26	38	9	5	41	43	47	38	33	28	35	18	47	43	38	23	30	0	14	1	29	0	33	17	20	33	0	1	0	0	46	17	44	47	10	39	26	38	18	7	
37	22	20	15	2	35	21	29	47	22	4	0	30	17	40	39	39	12	3	3	34	0	38	15	25	30	26	19	0	12	0	2	14	48	49	0	9	41	48	0	25	45	36	31	0	0	43	0	42	36	0	9	9	32	32	0	28	11	5	26	45	16	16	37	18	29	31	1	12	16	12	44	29	31	27	38	20	0	26	43	42	0	36	12	37	14	0	32	0	0	4	29	32	16	24	17	23	23	36	38	
19	3	1	11	49	37	2	47	46	2	10	0	39	8	10	14	3	4	19	40	39	0	17	40	2	41	13	27	0	23	0	12	9	23	16	0	15	9	9	0	23	28	15	32	0	0	17	0	24	34	0	41	23	38	36	0	20	48	6	32	45	36	36	41	11	35	30	4	35	45	37	1	9	22	47	11	32	0	27	3	46	0	12	30	47	3	0	22	0	0	9	28	19	27	9	25	27	36	3	32	
40	44	11	46	16	18	24	7	22	22	47	0	27	15	17	39	21	1	18	31	13	0	30	23	47	30	10	35	0	47	0	20	18	12	38	0	43	26	23	0	1	29	45	3	0	0	37	0	46	6	0	29	1	34	42	0	13	30	30	43	16	30	4	28	21	14	27	18	24	34	41	18	47	36	2	16	1	0	49	6	20	0	20	10	47	40	0	25	0	0	15	38	49	16	17	45	47	3	7	43	
40	48	31	18	13	3	10	27	24	15	35	0	2	37	10	24	44	48	49	11	16	0	24	29	40	47	22	27	0	10	0	42	42	47	10	0	42	44	35	0	15	15	21	4	0	0	37	0	6	15	0	42	21	4	25	0	11	9	2	26	24	4	19	12	38	48	10	30	48	17	14	17	47	11	4	48	16	0	28	43	25	0	36	47	44	2	0	7	0	0	23	30	20	38	9	23	27	29	48	41	
16	26	33	10	28	33	41	15	18	27	2	0	15	46	26	28	43	19	39	42	48	0	28	36	15	19	24	5	0	2	0	42	13	49	1	0	30	8	43	0	4	26	1	37	0	0	29	0	15	48	0	37	42	8	13	0	1	18	20	1	25	44	14	23	12	18	22	44	49	32	33	22	22	11	46	16	16	0	45	20	17	0	16	24	46	21	0	5	0	0	14	47	7	29	44	41	28	32	47	23	
45	17	48	5	46	36	17	10	31	37	24	0	15	26	47	10	48	28	28	14	9	0	5	32	19	43	18	1	0	2	0	39	18	29	14	0	2	39	35	0	17	46	4	9	0	0	44	0	22	47	0	35	31	26	34	0	18	21	2	19	32	33	13	28	49	29	41	21	6	28	11	41	9	27	10	28	1	0	29	41	47	0	34	20	11	11	0	7	0	0	20	33	41	32	21	12	6	41	11	34	
25	16	36	26	22	39	9	17	30	39	40	0	49	23	2	36	46	18	8	23	7	0	44	46	21	3	7	25	0	25	0	2	39	16	20	0	13	39	12	0	5	23	11	44	0	0	21	0	31	24	0	18	28	12	14	0	27	36	34	11	1	49	29	3	49	12	18	49	5	18	28	3	22	30	3	22	48	0	17	44	9	0	17	41	42	18	0	17	0	0	35	26	24	15	21	39	32	12	19	35	
26	13	14	23	43	8	3	43	10	25	8	0	22	31	12	25	43	21	5	39	4	0	18	36	26	10	13	9	0	28	0	14	43	16	19	0	21	34	34	0	45	28	23	46	0	0	5	0	33	11	0	42	12	2	34	0	16	4	11	36	6	29	31	35	1	35	22	18	2	39	21	16	13	10	25	33	14	0	19	8	29	0	10	19	25	35	0	43	0	0	48	39	5	48	47	28	25	23	23	6	
39	13	18	8	13	37	35	38	27	32	19	0	21	9	3	42	49	12	13	11	35	0	48	47	17	43	25	27	0	19	0	16	39	7	25	0	23	10	3	0	1	4	3	13	0	0	36	0	8	14	0	27	46	23	31	0	4	20	5	25	49	17	20	46	28	15	39	35	43	4	30	17	11	37	42	31	25	0	28	35	25	0	26	14	36	19	0	29	0	0	12	34	4	23	1	39	36	37	42	23	
9	9	34	15	33	17	8	21	26	42	7	35	0	46	12	0	17	15	3	0	0	27	30	44	45	45	6	47	10	15	28	0	34	0	16	0	23	14	27	0	48	0	14	10	23	24	0	43	4	25	0	20	6	24	39	0	8	22	5	0	0	45	37	16	45	15	2	10	37	44	20	37	41	32	45	26	28	5	10	21	25	29	0	22	45	39	17	0	31	12	0	27	6	24	41	46	20	0	17	44	
14	47	5	34	39	45	34	49	27	43	12	47	0	2	18	0	22	8	7	0	0	14	47	22	29	13	28	19	48	1	12	0	30	0	21	0	19	11	19	0	36	0	5	31	4	11	0	10	36	14	0	13	38	12	11	0	23	17	45	0	0	6	28	22	29	48	10	17	12	39	15	2	46	28	25	13	21	44	7	13	13	33	0	24	35	43	40	0	26	4	0	48	19	48	42	23	44	0	6	12	
5	26	37	21	14	35	1	4	10	49	26	10	0	33	27	0	18	13	40	0	0	14	20	12	5	44	36	40	33	48	7	0	21	0	32	0	8	5	6	0	19	0	34	39	9	2	0	23	24	13	0	42	36	13	10	0	14	27	4	0	0	8	13	11	12	14	3	41	10	12	35	6	45	22	32	31	32	41	23	28	13	2	0	23	18	47	1	0	42	6	0	43	47	15	5	46	18	0	36	18	
30	8	3	48	8	47	32	21	34	2	15	49	0	43	19	0	29	38	24	0	0	8	11	38	31	4	17	3	46	2	19	0	21	0	22	0	26	25	6	0	29	0	48	3	33	37	0	39	9	3	0	11	6	5	2	0	37	4	4	0	0	25	12	29	27	3	29	21	27	48	21	36	43	39	4	28	2	21	30	30	33	17	0	1	44	7	34	0	35	19	0	10	26	7	23	23	21	0	34	2	
22	32	40	16	47	41	37	7	36	26	7	36	0	44	35	0	27	36	8	0	0	21	43	33	27	28	37	17	21	14	43	0	21	0	21	0	39	19	6	0	23	0	1	11	16	6	0	5	33	7	0	30	47	45	23	0	42	1	33	0	0	38	23	19	11	40	29	21	15	10	11	8	32	6	39	17	14	5	43	31	30	14	0	39	39	20	17	0	40	22	0	26	30	40	41	32	46	0	8	34	
38	14	28	26	40	3	36	2	4	45	27	18	0	40	7	0	30	48	34	0	0	15	43	24	28	11	13	18	4	10	41	0	11	0	29	0	13	24	45	0	11	0	18	48	36	3	0	35	36	40	0	33	27	41	35	0	35	6	10	0	0	31	4	38	22	11	8	48	30	9	25	29	8	38	47	25	18	29	6	29	21	18	0	14	37	32	22	0	41	1	0	47	34	10	35	45	8	0	15	19	
33	31	29	30	4	16	34	18	6	30	32	12	0	16	15	0	47	38	35	0	0	14	4	29	29	45	45	27	18	11	43	0	18	0	30	0	9	39	5	0	47	0	42	35	43	29	0	15	20	24	0	15	19	48	40	0	28	35	5	0	0	1	40	45	24	19	14	10	7	36	33	35	36	17	40	15	43	7	40	28	35	18	0	37	30	18	5	0	18	13	0	32	18	48	21	42	34	0	39	10	
47	3	7	18	33	17	31	5	8	31	37	11	0	39	3	0	46	48	13	0	0	19	38	41	7	34	8	48	37	38	3	0	8	0	21	0	24	46	29	0	15	0	19	12	23	26	0	26	10	43	0	1	2	12	31	0	34	31	7	0	0	40	20	4	27	26	13	1	34	37	41	38	1	30	43	15	32	5	38	42	14	30	0	33	33	21	2	0	25	8	0	39	13	32	48	22	16	0	28	16	
31	15	5	4	6	18	40	39	33	26	13	21	0	25	13	0	2	38	31	0	0	44	47	22	28	6	12	17	29	43	30	0	21	0	49	0	17	31	41	0	10	0	41	48	11	37	0	6	1	6	0	25	35	23	16	0	13	7	7	0	0	9	16	26	8	39	49	11	14	37	22	13	22	31	4	8	41	3	7	39	6	1	0	4	43	10	38	0	33	47	0	15	38	37	17	27	47	0	3	33	
47	47	14	44	4	14	40	12	46	27	9	34	0	42	12	0	47	43	32	0	0	18	34	48	24	28	47	5	26	43	2	0	47	0	7	0	37	9	27	0	46	0	21	7	17	22	0	33	41	34	0	36	18	45	13	0	38	21	39	0	0	40	29	19	20	17	22	5	42	1	37	48	17	33	10	46	33	21	26	2	19	8	0	32	19	15	24	0	22	29	0	3	42	4	19	26	19	0	44	26	
