23	0	30	21	30	13	0	0	1	9	39	48	2	29	23	32	1	27	22	0	28	12	7	0	6	24	22	43	26	35	25	43	0	0	8	0	32	11	32	43	33	0	25	0	30	48	3	45	23	34	41	6	23	0	19	12	0	35	14	43	33	25	3	30	37	22	8	0	20	24	9	2	11	4	38	0	0	41	49	25	10	19	0	20	9	23	0	38	35	0	46	31	20	5	37	44	0	44	46	16	
46	0	10	23	47	24	0	0	46	11	37	31	40	21	44	24	20	18	29	0	3	3	12	0	36	34	10	36	43	8	44	14	0	0	15	0	22	40	23	12	29	0	26	0	1	23	31	10	47	34	35	46	45	0	3	41	0	11	25	36	43	15	33	21	35	38	47	0	16	41	43	23	32	19	22	0	0	28	14	6	21	14	0	17	47	49	0	47	28	0	39	26	27	6	13	8	0	7	44	4	
13	0	33	31	29	21	0	0	41	8	13	32	44	10	32	3	33	25	33	0	35	7	16	0	30	8	40	41	40	5	49	19	0	0	15	0	46	16	8	28	19	0	48	0	19	24	48	4	22	31	47	32	3	0	14	42	0	23	4	44	29	9	36	36	24	20	5	0	8	30	35	35	24	10	20	0	0	41	39	30	4	19	0	28	10	37	0	16	32	0	45	28	46	16	44	45	0	18	2	33	
42	0	30	25	34	45	0	0	6	42	18	45	33	18	24	47	15	36	12	0	15	49	1	0	36	7	7	28	5	13	12	43	0	0	11	0	12	43	41	48	16	0	31	0	8	18	38	40	17	7	32	24	27	0	12	44	0	8	44	49	35	10	5	6	41	20	6	0	23	7	48	3	35	1	11	0	0	27	46	29	7	45	0	1	34	12	0	35	5	0	32	2	33	42	19	8	0	15	2	9	
34	0	3	41	34	37	0	0	30	16	19	44	48	9	2	13	49	19	18	0	6	4	3	0	35	32	25	37	27	42	19	28	0	0	44	0	9	27	43	17	37	0	9	0	11	43	49	44	23	47	16	41	18	0	19	48	0	26	26	11	10	46	41	5	20	40	5	0	33	5	19	27	6	14	37	0	0	23	32	19	40	29	0	39	5	16	0	3	30	0	15	42	42	22	22	48	0	3	22	35	
41	0	26	21	3	12	0	0	26	8	31	20	44	5	32	25	7	14	10	0	14	5	8	0	9	38	33	41	23	12	12	43	0	0	48	0	37	49	8	30	9	0	15	0	26	16	49	38	45	47	9	29	7	0	32	49	0	32	11	25	49	41	49	25	33	14	49	0	8	15	44	29	1	40	40	0	0	12	24	16	9	28	0	1	36	2	0	32	11	0	26	25	39	40	45	8	0	13	12	19	
38	0	26	26	48	15	0	0	7	18	16	10	41	8	29	18	16	32	36	0	6	47	9	0	33	45	42	11	12	22	46	40	0	0	24	0	13	46	48	43	42	0	18	0	40	9	24	7	36	30	20	5	8	0	5	46	0	42	49	43	48	18	48	28	20	39	22	0	8	7	35	23	24	44	29	0	0	1	47	42	14	6	0	14	3	33	0	27	28	0	33	8	45	42	9	4	0	6	11	24	
38	0	35	35	44	23	0	0	1	9	8	26	37	10	23	16	12	8	24	0	22	18	42	0	30	8	37	29	1	4	24	45	0	0	9	0	48	13	16	16	23	0	44	0	45	11	36	34	11	2	4	42	21	0	36	1	0	11	49	19	11	28	47	9	40	47	4	0	23	11	5	42	22	17	16	0	0	36	4	46	6	25	0	28	10	46	0	11	10	0	18	2	27	44	19	9	0	3	3	15	
47	0	10	8	30	21	0	0	25	43	9	7	40	43	37	42	3	11	2	0	10	19	28	0	12	40	7	48	32	37	22	28	0	0	42	0	1	47	46	32	44	0	37	0	19	18	5	18	49	43	7	21	36	0	26	3	0	44	5	43	4	47	12	1	5	49	29	0	24	32	25	36	32	12	17	0	0	17	24	46	13	4	0	30	26	8	0	28	24	0	39	43	37	40	40	44	0	3	40	43	
7	0	3	25	9	40	0	0	9	34	22	35	40	41	4	42	27	18	36	0	45	43	34	0	47	23	8	24	45	43	2	25	0	0	31	0	38	12	25	41	20	0	40	0	19	6	34	40	18	5	25	31	9	0	18	10	0	34	4	7	25	41	35	14	41	13	31	0	27	33	6	16	33	11	38	0	0	46	18	39	38	11	0	31	33	21	0	45	34	0	45	20	13	29	6	40	0	34	7	12	
20	0	30	2	45	14	0	0	46	41	2	45	35	40	49	33	14	3	39	0	29	14	5	0	46	44	49	21	25	37	22	46	0	0	19	0	44	29	43	47	21	0	2	0	21	17	27	35	4	13	38	46	26	0	43	42	0	4	31	24	16	31	27	31	47	28	36	0	15	35	44	11	38	39	21	0	0	34	47	8	23	14	0	39	14	29	0	38	11	0	20	1	46	33	5	6	0	47	23	21	
7	0	33	46	15	43	0	0	7	46	37	25	45	5	14	6	49	6	14	0	7	9	47	0	29	19	26	12	47	38	43	10	0	0	9	0	23	5	42	39	22	0	39	0	5	26	21	18	26	33	1	7	13	0	3	43	0	23	41	44	5	11	29	25	15	6	13	0	1	41	39	18	35	22	13	0	0	15	33	46	46	17	0	4	49	13	0	37	38	0	44	35	5	33	10	41	0	2	21	7	
14	0	23	48	37	25	0	0	34	25	26	39	4	12	36	38	1	38	42	0	36	49	18	0	34	42	39	34	20	2	28	32	0	0	42	0	3	7	39	42	41	0	19	0	42	23	38	24	39	3	33	12	10	0	11	8	0	35	9	7	24	16	34	42	15	20	24	0	30	12	30	18	44	10	8	0	0	14	30	49	9	43	0	22	9	7	0	33	17	0	41	41	46	5	4	31	0	18	29	10	
36	0	13	7	47	40	0	0	32	16	4	10	7	33	26	31	30	27	29	0	35	34	46	0	7	35	14	5	18	42	36	41	0	0	17	0	28	14	35	23	27	0	8	0	22	14	41	3	9	46	18	9	38	0	22	27	0	42	31	2	43	44	27	10	35	11	41	0	1	16	36	11	48	41	9	0	0	42	28	11	22	49	0	47	39	48	0	28	45	0	6	29	6	24	27	27	0	27	23	30	
45	0	5	5	12	25	0	0	42	9	16	1	13	3	13	40	5	22	9	0	49	13	36	0	25	6	32	36	27	21	43	19	0	0	34	0	29	39	32	42	7	0	35	0	34	46	24	9	45	46	28	14	45	0	12	15	0	18	35	44	33	1	29	19	29	20	37	0	39	29	25	49	33	16	33	0	0	48	29	43	40	2	0	45	48	35	0	46	13	0	12	44	48	33	8	15	0	29	43	9	
15	0	32	17	43	27	0	0	1	46	46	37	17	30	23	10	27	43	13	0	3	15	44	0	10	2	28	24	42	48	42	49	0	0	16	0	17	48	32	9	22	0	8	0	41	43	30	12	10	9	32	31	12	0	9	13	0	5	36	22	21	42	4	38	29	44	38	0	5	34	15	10	6	36	23	0	0	40	11	3	27	40	0	46	43	37	0	37	49	0	24	8	39	48	21	1	0	13	20	9	
9	0	9	34	26	27	0	0	16	28	24	12	37	16	24	12	45	37	1	0	20	40	37	0	22	28	41	46	42	23	2	40	0	0	7	0	16	28	2	41	46	0	25	0	19	43	43	21	38	4	37	34	4	0	19	10	0	32	6	25	23	42	24	8	17	35	22	0	30	9	14	3	28	36	40	0	0	8	10	47	42	35	0	17	43	17	0	6	24	0	3	30	46	1	42	31	0	30	48	31	
25	0	31	34	20	33	0	0	44	45	5	16	22	33	30	7	24	20	10	0	27	43	23	0	9	18	46	48	26	28	43	36	0	0	20	0	27	19	8	45	45	0	8	0	22	36	2	29	9	10	27	9	10	0	48	39	0	33	38	38	23	27	29	5	42	23	7	0	36	11	12	32	33	8	26	0	0	4	28	32	21	31	0	46	9	33	0	7	30	0	42	40	34	24	48	10	0	49	49	1	
37	0	38	30	9	40	0	0	41	17	34	41	35	9	10	1	1	45	45	0	8	12	16	0	23	12	38	29	31	17	21	23	0	0	49	0	27	48	15	6	48	0	46	0	14	36	2	8	11	35	40	29	4	0	22	37	0	28	24	21	26	3	40	17	14	18	28	0	42	7	26	44	6	3	48	0	0	13	12	4	35	22	0	48	4	28	0	19	23	0	40	39	8	36	25	28	0	48	18	5	
29	0	2	12	35	22	0	0	7	1	49	41	22	35	47	23	32	19	16	0	27	48	17	0	38	35	49	36	38	28	44	45	0	0	1	0	9	9	25	42	10	0	11	0	32	16	42	3	7	7	1	18	7	0	20	11	0	18	3	18	32	24	17	45	30	19	38	0	7	46	22	42	43	39	5	0	0	7	8	49	15	3	0	40	36	10	0	37	6	0	24	31	37	24	16	23	0	16	16	2	
11	0	25	7	24	49	0	0	20	35	38	26	23	30	7	44	6	40	43	0	41	3	41	0	22	32	46	1	24	42	2	7	0	0	5	0	10	37	32	25	3	0	20	0	1	44	25	48	35	31	31	34	30	0	10	41	0	37	49	25	3	9	44	34	30	15	10	0	49	14	20	13	10	45	24	0	0	14	30	27	30	1	0	33	34	19	0	36	45	0	40	25	12	12	20	46	0	15	17	41	
3	0	20	21	22	49	0	0	25	39	42	18	32	24	8	9	23	33	46	0	37	28	43	0	24	49	40	40	42	46	35	38	0	0	9	0	5	38	31	35	16	0	35	0	44	33	35	8	22	7	22	47	9	0	31	49	0	47	42	2	24	45	45	1	38	20	12	0	6	48	9	33	47	9	37	0	0	19	43	31	4	30	0	49	30	40	0	14	18	0	9	39	37	7	32	42	0	3	21	24	
13	0	22	27	9	16	0	0	46	35	36	34	1	33	32	6	19	10	34	0	31	19	12	0	23	25	21	21	8	32	45	36	0	0	19	0	33	48	12	24	35	0	21	0	22	11	41	21	15	15	10	11	18	0	27	3	0	13	8	13	21	15	20	26	34	38	42	0	49	46	36	27	48	17	4	0	0	16	11	14	4	17	0	21	29	49	0	15	38	0	27	46	15	18	11	16	0	46	3	22	
36	0	32	29	11	1	0	0	42	18	48	26	44	36	10	29	8	23	44	0	44	46	43	0	31	35	36	18	26	6	42	10	0	0	31	0	37	16	44	26	16	0	12	0	49	17	30	15	44	49	42	12	25	0	47	29	0	46	3	17	33	6	7	22	21	13	11	0	39	49	30	33	36	22	41	0	0	30	23	49	34	29	0	36	39	35	0	16	5	0	29	11	31	39	43	20	0	40	18	23	
46	0	17	43	39	13	0	0	29	45	5	11	43	19	7	28	3	46	47	0	30	38	24	0	31	11	19	15	46	31	2	12	0	0	1	0	2	29	30	32	28	0	9	0	12	11	35	35	20	10	29	25	40	0	15	17	0	5	25	35	37	23	3	43	34	42	29	0	14	20	7	13	22	48	16	0	0	29	42	19	39	9	0	44	13	44	0	31	20	0	35	37	35	10	28	34	0	34	2	3	
7	0	17	8	29	25	0	0	38	18	31	44	11	14	47	46	38	49	43	0	46	40	40	0	11	22	44	3	38	17	6	44	0	0	18	0	37	44	47	30	37	0	31	0	41	3	11	31	9	27	40	44	23	0	22	19	0	24	12	37	41	31	35	28	35	21	39	0	5	26	25	10	24	14	20	0	0	41	33	41	31	3	0	44	41	38	0	49	29	0	45	22	37	24	34	1	0	4	39	15	
26	0	9	46	4	14	0	0	27	10	6	39	37	17	15	21	14	31	21	0	22	37	26	0	11	39	20	15	37	22	30	42	0	0	42	0	26	14	48	31	40	0	24	0	29	46	26	25	33	20	11	46	49	0	41	5	0	9	2	6	28	32	5	18	8	12	21	0	20	45	17	46	47	3	43	0	0	24	32	10	38	22	0	37	3	8	0	17	14	0	25	45	9	47	22	36	0	31	1	47	
11	0	18	9	12	30	0	0	41	25	12	49	37	4	30	9	27	38	41	0	45	7	49	0	35	14	8	5	37	33	14	38	0	0	18	0	19	12	38	44	38	0	36	0	32	17	46	27	10	10	22	3	17	0	3	40	0	33	43	11	28	43	9	10	45	12	38	0	21	44	16	22	36	43	45	0	0	27	7	17	13	41	0	30	43	37	0	8	1	0	15	10	44	10	30	20	0	21	15	9	
29	0	40	10	19	42	0	0	37	23	8	49	7	13	12	42	2	40	38	0	36	38	8	0	22	40	30	15	47	10	46	36	0	0	39	0	27	18	20	1	41	0	24	0	12	14	21	2	10	36	33	2	30	0	38	18	0	25	23	34	25	25	49	42	11	14	5	0	32	36	34	12	38	49	11	0	0	14	3	41	39	39	0	26	26	6	0	16	35	0	17	18	17	3	47	34	0	3	24	30	
11	0	1	32	32	23	0	0	39	15	7	18	12	13	41	49	4	5	22	0	17	9	13	0	44	2	49	46	33	20	45	48	0	0	14	0	44	45	17	39	49	0	2	0	31	43	47	11	35	20	14	8	15	0	13	14	0	19	35	10	41	35	47	22	18	35	3	0	48	22	34	32	7	47	41	0	0	12	18	3	39	45	0	45	4	33	0	18	9	0	36	14	9	35	8	7	0	13	14	46	
26	0	17	9	10	22	0	0	26	11	41	46	26	24	12	47	45	18	28	0	43	42	42	0	36	36	31	38	2	44	22	34	0	0	13	0	35	43	27	19	35	0	22	0	17	10	26	26	3	43	42	16	23	0	31	42	0	44	23	40	41	6	1	15	23	27	6	0	30	4	46	45	36	44	23	0	0	25	46	12	27	15	0	25	36	3	0	38	49	0	25	1	16	27	27	23	0	48	2	6	
31	0	40	35	17	2	0	0	42	41	43	40	11	14	42	37	13	17	2	0	11	26	40	0	10	43	15	30	44	43	26	47	0	0	19	0	37	44	27	3	30	0	42	0	21	12	37	13	7	13	24	32	5	0	10	10	0	34	23	43	16	37	18	25	26	12	8	0	45	23	31	17	8	30	42	0	0	34	44	28	43	21	0	20	6	12	0	49	4	0	32	16	48	45	3	10	0	7	22	1	
37	0	45	31	17	41	0	0	6	19	30	20	35	5	34	8	39	40	14	0	40	13	25	0	19	19	44	3	13	29	8	20	0	0	19	0	47	12	19	35	28	0	37	0	46	23	2	2	49	22	36	30	38	0	21	36	0	14	42	40	35	49	32	26	46	18	45	0	29	45	24	24	1	35	33	0	0	10	5	15	34	11	0	37	18	21	0	20	17	0	33	6	11	1	11	29	0	48	25	39	
9	0	15	16	40	49	0	0	8	9	47	14	17	26	45	19	16	8	13	0	5	33	45	0	5	42	4	1	22	42	43	24	0	0	42	0	8	4	47	21	47	0	19	0	18	26	17	16	42	24	22	32	16	0	32	18	0	3	9	44	41	43	18	3	47	24	19	0	20	48	25	29	29	24	47	0	0	6	9	47	8	49	0	16	2	37	0	34	23	0	18	19	28	34	30	32	0	35	42	17	
42	0	19	41	17	47	0	0	36	5	6	19	44	47	4	12	7	35	19	0	19	16	3	0	36	37	4	48	48	49	10	20	0	0	7	0	12	27	42	27	1	0	47	0	29	35	35	27	10	25	8	36	11	0	25	29	0	25	42	47	6	14	12	6	25	35	15	0	38	17	47	43	2	43	40	0	0	42	47	9	44	9	0	37	46	32	0	26	44	0	41	11	13	17	22	48	0	32	43	46	
27	0	3	46	6	24	0	0	42	36	33	18	40	20	25	45	45	27	27	0	39	6	9	0	32	6	6	25	43	14	31	10	0	0	13	0	27	12	47	35	29	0	17	0	43	31	33	10	20	29	34	29	18	0	1	24	0	14	43	38	48	28	38	41	16	4	9	0	7	29	26	36	16	28	46	0	0	24	40	33	29	37	0	45	37	3	0	42	10	0	1	12	3	7	26	18	0	49	43	32	
17	0	17	18	45	37	0	0	11	45	29	39	30	43	30	10	15	48	40	0	46	19	39	0	26	16	32	47	10	22	36	28	0	0	12	0	33	27	15	33	44	0	33	0	49	40	29	25	40	27	47	27	1	0	27	34	0	38	16	42	10	29	1	2	3	46	36	0	43	28	28	43	7	47	31	0	0	44	39	20	32	20	0	11	9	20	0	47	24	0	10	14	38	27	7	40	0	21	19	41	
12	0	11	33	21	19	0	0	40	23	28	40	26	2	2	45	46	25	31	0	7	10	33	0	17	43	40	11	16	28	6	3	0	0	27	0	42	11	37	46	12	0	45	0	2	39	8	42	8	6	39	46	49	0	47	30	0	2	2	49	5	42	44	48	17	13	16	0	40	12	43	37	47	40	5	0	0	8	15	28	28	4	0	33	49	47	0	46	27	0	39	20	19	43	21	15	0	23	32	22	
38	0	47	10	39	30	0	0	8	41	6	38	33	32	12	40	25	17	6	0	26	46	35	0	6	32	28	39	9	6	41	6	0	0	32	0	10	31	15	8	13	0	9	0	12	37	26	45	8	2	25	4	2	0	7	27	0	27	8	47	2	7	38	18	39	30	24	0	16	10	13	10	2	30	6	0	0	19	14	27	11	24	0	13	8	24	0	12	46	0	31	26	33	3	43	39	0	23	3	14	
21	0	40	49	35	17	0	0	46	32	32	44	37	46	39	17	48	41	35	0	46	26	45	0	48	30	10	36	29	43	13	4	0	0	39	0	24	34	25	16	40	0	47	0	43	6	44	2	29	20	9	28	9	0	23	23	0	39	44	40	26	2	40	46	37	39	18	0	38	13	36	42	34	35	43	0	0	19	7	32	25	19	0	7	8	19	0	30	14	0	46	30	9	36	23	10	0	28	37	22	
45	0	29	17	12	21	0	0	41	23	3	3	24	18	16	36	41	30	26	0	45	21	15	0	40	13	11	1	7	48	41	3	0	0	2	0	13	1	19	22	9	0	21	0	46	4	10	8	42	48	23	34	2	0	47	30	0	49	26	16	38	21	26	13	27	47	14	0	9	46	29	20	37	32	18	0	0	22	26	1	2	41	0	7	40	20	0	2	47	0	14	33	15	1	26	2	0	29	10	41	
19	0	9	38	40	20	0	0	28	31	46	20	2	43	36	42	29	49	37	0	32	29	2	0	35	31	1	14	1	8	10	33	0	0	10	0	11	19	30	2	38	0	48	0	17	13	7	19	19	26	40	36	25	0	25	34	0	18	23	44	1	9	9	43	47	33	23	0	17	22	7	45	46	36	22	0	0	14	22	32	5	38	0	38	39	2	0	31	22	0	43	28	24	31	8	12	0	38	3	23	
45	0	36	3	27	42	0	0	16	2	16	47	24	35	44	8	11	15	27	0	5	31	43	0	2	41	40	31	6	6	23	21	0	0	27	0	28	4	5	39	29	0	32	0	28	28	12	46	6	7	44	46	10	0	1	43	0	34	47	29	45	13	38	28	46	32	4	0	32	15	44	43	8	31	40	0	0	47	19	17	35	23	0	11	25	34	0	34	38	0	29	28	35	20	39	14	0	48	19	47	
40	0	14	5	21	9	0	0	1	7	23	47	29	18	31	34	37	6	39	0	21	20	38	0	7	12	1	29	6	24	8	23	0	0	3	0	43	3	5	48	10	0	44	0	20	13	33	39	36	19	32	43	28	0	30	33	0	38	21	43	6	35	22	30	26	28	27	0	45	28	10	29	34	27	2	0	0	21	8	6	40	12	0	18	36	47	0	6	10	0	35	33	8	30	4	21	0	13	49	41	
18	0	29	11	37	46	0	0	5	41	23	5	11	33	36	47	28	5	3	0	39	22	25	0	10	7	26	25	36	29	30	24	0	0	21	0	16	5	47	24	49	0	25	0	13	22	43	12	9	31	38	40	42	0	7	47	0	15	40	14	17	42	21	12	11	35	12	0	2	42	20	3	28	9	48	0	0	46	35	45	28	43	0	18	13	25	0	29	13	0	40	42	47	36	18	43	0	33	40	27	
18	0	34	12	7	49	0	0	39	35	20	2	2	30	46	20	28	46	3	0	9	7	27	0	9	46	8	20	22	45	32	37	0	0	32	0	7	25	24	11	43	0	42	0	45	3	8	47	33	40	4	3	47	0	30	25	0	41	19	2	38	48	19	43	6	20	40	0	29	25	27	38	23	21	25	0	0	44	39	16	15	12	0	15	28	45	0	29	14	0	4	31	14	22	43	9	0	3	7	38	
16	0	24	34	9	9	0	0	2	39	12	4	29	29	29	16	22	17	35	0	20	25	14	0	6	13	46	34	32	8	27	40	0	0	31	0	20	35	13	35	45	0	37	0	9	38	40	23	13	37	32	16	49	0	3	47	0	14	30	1	18	12	31	11	2	45	30	0	21	2	49	10	24	37	45	0	0	48	4	23	18	1	0	3	49	10	0	42	33	0	27	16	37	38	43	19	0	1	14	16	
14	0	6	41	30	28	0	0	10	5	22	8	16	30	43	1	27	22	27	0	38	4	38	0	41	8	5	34	48	14	7	10	0	0	43	0	22	31	28	17	36	0	32	0	19	40	33	16	17	29	41	1	38	0	38	6	0	40	19	33	38	16	7	43	1	8	27	0	1	6	28	16	12	1	8	0	0	49	18	48	17	47	0	42	42	24	0	45	23	0	5	13	10	46	7	18	0	25	13	18	
46	0	46	2	13	44	0	0	47	34	5	30	35	30	17	48	33	13	34	0	20	1	19	0	21	42	27	5	17	11	36	11	0	0	37	0	19	23	29	43	11	0	24	0	31	8	39	35	45	34	49	20	2	0	26	5	0	38	39	40	11	34	21	28	12	4	15	0	9	9	33	42	21	36	46	0	0	45	43	33	31	21	0	35	48	31	0	24	34	0	30	48	49	21	11	24	0	31	30	18	
28	0	22	9	6	14	0	0	43	27	32	43	26	20	45	31	17	13	43	0	34	27	37	0	14	26	8	9	24	30	18	33	0	0	34	0	1	17	28	27	37	0	12	0	49	31	2	24	34	9	37	16	35	0	6	14	0	45	9	32	31	27	44	6	15	28	25	0	41	45	19	34	25	33	22	0	0	24	29	47	6	24	0	27	12	37	0	3	30	0	11	35	8	8	33	28	0	4	46	41	
19	0	24	33	42	11	0	0	15	49	5	38	32	16	33	14	22	27	17	0	35	44	16	0	40	6	21	42	36	28	16	25	0	0	29	0	6	32	39	13	21	0	34	0	32	5	29	23	25	43	31	27	22	0	19	10	0	40	29	32	4	16	3	34	1	43	48	0	14	10	29	16	43	18	45	0	0	25	22	22	23	25	0	2	2	11	0	49	24	0	21	8	42	7	18	12	0	1	7	35	
28	0	25	42	36	36	0	0	12	18	16	5	19	19	45	7	24	19	30	0	26	17	31	0	39	1	16	37	3	49	7	16	0	0	44	0	30	17	29	24	13	0	5	0	16	25	30	2	3	49	39	8	1	0	18	44	0	13	31	25	18	43	46	2	30	22	46	0	42	21	30	17	40	7	11	0	0	17	34	38	42	7	0	21	19	46	0	44	38	0	20	37	35	9	2	30	0	14	6	14	
24	0	48	40	3	24	0	0	45	26	25	10	31	2	17	21	12	49	15	0	27	19	26	0	13	32	2	28	19	46	20	35	0	0	32	0	18	47	41	17	13	0	44	0	7	33	38	3	10	7	24	34	20	0	46	45	0	33	26	38	26	8	36	35	2	6	33	0	2	5	6	14	9	28	39	0	0	24	19	45	37	44	0	3	35	14	0	19	1	0	36	49	31	1	40	26	0	38	48	42	
30	0	44	22	7	14	0	0	42	20	16	41	2	15	20	24	12	2	38	0	38	41	5	0	46	1	1	27	41	4	19	42	0	0	19	0	14	32	19	11	45	0	36	0	24	6	12	12	18	19	32	5	48	0	12	12	0	36	35	44	4	33	46	10	11	23	49	0	18	27	9	6	2	45	23	0	0	15	47	12	45	8	0	16	13	18	0	24	31	0	29	22	23	27	39	49	0	29	46	45	
1	0	2	20	20	22	0	0	17	26	47	25	32	19	45	46	41	4	41	0	48	3	12	0	4	9	10	5	40	49	14	2	0	0	22	0	21	33	12	26	18	0	5	0	31	30	6	20	9	48	34	31	6	0	17	11	0	40	12	47	20	1	26	49	3	34	26	0	23	28	12	23	48	43	33	0	0	40	9	7	9	6	0	19	3	37	0	44	12	0	1	27	9	37	41	45	0	38	45	27	
10	0	49	41	36	45	0	0	13	35	43	22	41	36	28	8	13	11	33	0	26	13	41	0	10	36	41	22	32	4	28	12	0	0	35	0	27	33	2	34	2	0	30	0	49	19	30	14	37	27	14	13	28	0	9	21	0	45	46	8	35	28	29	47	23	41	15	0	33	14	26	23	11	45	26	0	0	33	1	12	24	16	0	29	16	16	0	41	6	0	19	2	45	35	28	36	0	37	37	30	
37	0	39	3	45	20	0	0	30	4	22	21	29	6	1	31	9	29	39	0	43	13	16	0	17	32	11	49	33	29	33	33	0	0	24	0	16	2	24	16	33	0	8	0	35	36	34	6	36	7	36	15	26	0	30	47	0	1	20	47	13	38	49	38	14	12	28	0	20	26	15	44	41	47	11	0	0	16	14	16	43	26	0	20	25	32	0	22	11	0	8	40	3	12	4	31	0	19	16	9	
16	0	19	23	41	10	0	0	3	3	29	41	32	2	28	39	5	9	44	0	35	23	11	0	15	3	46	41	27	45	32	12	0	0	14	0	24	16	34	20	46	0	33	0	4	31	23	31	21	34	37	30	16	0	37	13	0	28	49	33	46	46	10	12	11	39	19	0	41	43	35	37	21	5	46	0	0	10	40	9	24	3	0	29	22	16	0	27	45	0	7	44	34	36	6	19	0	49	9	19	
38	0	8	4	3	26	0	0	30	10	25	49	31	7	2	40	12	25	5	0	40	30	17	0	27	8	39	23	28	46	46	20	0	0	46	0	8	34	1	19	9	0	36	0	13	25	29	23	47	10	36	28	30	0	41	25	0	24	32	16	6	36	7	13	48	38	35	0	9	33	31	16	16	16	45	0	0	1	40	37	14	42	0	26	14	11	0	26	40	0	24	1	36	7	22	44	0	31	1	9	
10	0	45	3	27	19	0	0	9	29	19	5	35	43	15	37	4	4	27	0	48	31	8	0	42	21	26	37	14	11	1	28	0	0	47	0	36	49	40	12	27	0	11	0	22	29	40	29	48	39	23	20	14	0	17	31	0	16	7	49	39	48	20	22	45	36	48	0	25	10	35	39	14	24	19	0	0	45	47	8	16	49	0	33	27	38	0	5	49	0	34	47	9	33	8	1	0	22	45	20	
48	0	16	5	38	4	0	0	48	49	37	30	25	29	48	33	5	18	6	0	5	14	16	0	17	36	8	26	20	27	16	19	0	0	16	0	28	49	29	19	17	0	3	0	38	20	31	36	48	22	13	22	44	0	15	41	0	30	44	17	4	45	45	9	31	47	15	0	5	48	22	24	16	28	17	0	0	32	48	21	35	15	0	25	31	40	0	4	32	0	39	19	10	39	1	12	0	21	26	23	
28	0	38	21	37	38	0	0	32	2	37	17	43	34	36	26	7	14	14	0	22	24	48	0	23	14	16	26	2	5	17	7	0	0	27	0	16	9	6	7	43	0	7	0	32	30	23	16	13	2	39	20	9	0	46	8	0	27	7	29	23	49	5	34	36	7	48	0	24	21	5	12	43	35	44	0	0	17	29	28	5	36	0	40	19	23	0	28	31	0	32	38	43	11	17	36	0	10	33	48	
19	0	18	49	14	21	0	0	35	13	12	9	16	31	40	28	13	49	20	0	35	40	8	0	22	31	27	47	39	31	8	40	0	0	38	0	48	43	27	12	7	0	28	0	13	32	19	12	7	19	7	43	28	0	26	36	0	33	10	6	45	17	27	4	37	30	9	0	6	25	30	1	30	48	18	0	0	43	27	33	39	25	0	48	34	40	0	28	40	0	24	33	32	17	13	8	0	32	26	27	
2	0	6	12	10	44	0	0	2	28	42	9	20	28	39	31	46	11	14	0	20	45	1	0	21	23	32	23	30	37	45	11	0	0	22	0	5	26	24	17	44	0	5	0	20	38	16	47	6	1	3	29	46	0	47	23	0	36	29	7	1	38	2	3	3	7	16	0	40	23	33	34	49	32	29	0	0	40	49	10	45	32	0	30	32	2	0	36	13	0	34	21	23	17	19	43	0	3	19	29	
30	0	39	22	9	22	0	0	20	16	21	13	39	49	35	15	22	2	25	0	6	23	16	0	18	2	23	37	43	43	23	13	0	0	35	0	31	1	1	14	2	0	32	0	44	12	32	37	12	26	14	5	47	0	2	38	0	15	46	33	21	49	43	37	15	19	27	0	31	4	39	22	29	47	46	0	0	48	30	44	22	5	0	20	22	21	0	29	46	0	22	36	40	5	38	16	0	4	40	36	
41	0	34	43	46	27	0	0	31	14	16	41	1	42	21	13	3	17	5	0	27	7	32	0	13	28	16	7	29	17	44	9	0	0	35	0	25	37	16	3	6	0	27	0	29	31	5	44	20	4	24	23	10	0	15	25	0	2	24	38	43	27	33	5	14	12	43	0	37	4	45	17	34	43	6	0	0	44	29	27	32	26	0	36	10	6	0	45	45	0	9	38	3	23	10	26	0	21	10	44	
10	0	2	33	36	6	0	0	7	7	32	2	21	19	24	15	25	34	17	0	31	4	14	0	1	49	48	30	44	13	34	25	0	0	46	0	5	35	38	28	22	0	1	0	15	8	29	13	3	16	38	2	12	0	21	14	0	19	41	11	24	21	47	39	6	49	4	0	6	33	4	31	14	8	14	0	0	5	20	48	34	2	0	37	10	41	0	2	40	0	4	29	14	39	49	5	0	35	23	33	
29	0	4	36	2	37	0	0	19	45	8	2	34	44	6	13	45	22	47	0	46	25	40	0	22	34	34	23	16	13	11	37	0	0	10	0	21	6	43	49	13	0	33	0	8	6	10	38	40	14	5	13	20	0	11	7	0	5	14	43	19	2	30	32	49	41	5	0	12	1	19	22	33	24	2	0	0	40	35	2	17	17	0	34	33	30	0	46	1	0	33	24	27	32	32	34	0	48	35	24	
30	0	23	5	10	22	0	0	2	3	30	40	6	1	30	28	7	22	9	0	20	32	1	0	34	22	43	35	42	11	49	23	0	0	38	0	46	10	40	20	42	0	37	0	49	48	31	11	14	27	9	49	37	0	25	1	0	12	13	41	41	22	10	8	49	41	8	0	29	48	27	33	41	8	5	0	0	45	8	2	42	20	0	16	34	3	0	46	8	0	39	18	16	4	41	2	0	31	41	11	
7	0	13	9	5	23	0	0	27	27	44	48	7	20	44	19	9	25	7	0	9	16	27	0	1	24	19	26	32	24	4	27	0	0	29	0	2	19	42	42	8	0	10	0	8	37	49	22	11	39	5	33	18	0	40	13	0	9	1	36	10	33	8	11	49	21	26	0	19	36	13	21	3	9	40	0	0	17	33	48	40	40	0	6	9	43	0	43	6	0	37	48	39	36	25	44	0	49	5	18	
10	0	1	2	30	14	0	0	39	15	23	1	24	7	2	29	26	11	4	0	44	5	28	0	16	11	27	1	41	33	9	32	0	0	20	0	35	28	6	11	33	0	12	0	19	44	26	38	16	3	22	39	43	0	31	39	0	19	38	49	5	14	26	10	16	4	14	0	12	13	9	36	38	19	30	0	0	18	14	34	11	16	0	44	10	33	0	5	47	0	24	34	26	27	46	36	0	12	15	49	
44	0	32	9	17	2	0	0	15	45	8	39	11	48	6	40	4	8	38	0	31	1	13	0	34	24	42	30	2	39	22	46	0	0	43	0	6	6	28	3	38	0	36	0	6	47	42	10	42	36	15	31	43	0	26	32	0	8	21	17	22	44	4	41	1	26	25	0	42	1	9	21	45	43	33	0	0	22	33	1	35	22	0	8	32	36	0	2	8	0	11	27	45	29	16	5	0	37	37	43	
23	0	4	43	38	34	0	0	8	31	26	20	9	39	8	37	27	6	49	0	34	5	19	0	20	14	25	31	20	36	2	36	0	0	43	0	6	38	12	24	19	0	22	0	22	7	28	8	48	41	48	47	30	0	43	42	0	29	30	18	47	26	24	41	45	17	8	0	46	6	34	38	5	3	10	0	0	46	3	25	44	29	0	11	4	2	0	18	32	0	44	47	43	34	10	14	0	12	4	44	
37	0	34	23	18	31	0	0	35	11	39	45	46	28	21	38	45	33	41	0	35	36	44	0	37	22	12	1	15	48	25	5	0	0	29	0	19	49	18	4	15	0	33	0	28	48	25	7	46	48	13	41	33	0	19	13	0	8	34	25	34	37	44	38	1	43	12	0	27	16	43	17	25	31	41	0	0	36	13	12	24	12	0	40	6	11	0	1	3	0	37	26	26	37	21	24	0	39	42	8	
45	0	31	1	21	25	0	0	46	3	40	34	23	7	43	27	48	15	8	0	30	16	26	0	34	31	35	30	1	21	3	1	0	0	7	0	34	43	15	49	43	0	19	0	48	19	13	46	25	41	5	14	12	0	47	43	0	8	13	9	43	22	24	20	47	26	16	0	10	20	48	14	11	23	8	0	0	25	28	35	9	42	0	31	9	22	0	32	14	0	32	19	16	35	21	30	0	16	47	29	
2	0	33	27	31	14	0	0	4	48	35	39	18	29	19	7	10	39	44	0	40	23	46	0	10	43	21	29	15	7	22	4	0	0	38	0	49	42	35	21	14	0	37	0	20	5	1	42	25	49	36	34	6	0	47	29	0	18	8	17	42	14	5	7	46	46	35	0	21	36	21	48	17	10	17	0	0	6	24	9	2	14	0	32	5	42	0	26	17	0	44	18	40	27	28	3	0	31	16	36	
22	0	47	37	32	22	0	0	7	39	5	34	18	24	22	24	23	12	24	0	23	26	23	0	9	20	16	10	3	7	30	24	0	0	19	0	26	36	27	26	37	0	19	0	36	14	17	45	28	46	14	13	23	0	10	4	0	25	31	36	34	26	33	9	48	32	23	0	44	22	27	49	33	9	24	0	0	5	11	32	12	30	0	19	10	29	0	17	38	0	48	34	22	10	6	28	0	46	12	49	
34	0	13	15	12	42	0	0	21	36	16	32	8	17	28	25	26	26	13	0	25	42	41	0	37	11	5	43	8	35	25	25	0	0	36	0	25	43	6	15	23	0	9	0	1	48	38	38	40	25	1	1	27	0	20	43	0	35	45	17	5	42	35	42	23	11	16	0	44	19	29	21	10	33	29	0	0	14	10	15	13	6	0	7	40	29	0	2	19	0	37	25	38	28	13	49	0	33	15	1	
43	0	22	27	23	27	0	0	47	42	43	31	28	49	49	29	17	46	37	0	11	30	42	0	43	20	8	49	48	23	37	4	0	0	41	0	6	43	12	14	6	0	36	0	1	43	12	20	23	16	18	40	34	0	45	39	0	39	21	15	35	42	18	19	5	36	1	0	43	30	24	5	13	10	16	0	0	43	47	34	26	31	0	46	47	4	0	34	44	0	26	16	4	19	28	42	0	12	27	14	
22	0	6	18	49	49	0	0	41	31	31	16	49	41	39	33	29	6	27	0	4	43	19	0	34	9	12	41	35	27	2	45	0	0	32	0	26	28	4	19	14	0	34	0	14	41	5	20	24	2	39	12	14	0	42	15	0	22	43	32	45	19	24	42	32	22	18	0	21	10	33	26	10	30	14	0	0	27	18	26	40	10	0	37	41	21	0	35	16	0	40	25	44	35	21	6	0	19	38	43	
1	3	15	14	0	0	15	39	3	15	11	40	38	34	47	0	28	24	31	19	34	12	44	10	29	42	25	30	27	0	8	48	49	40	31	49	36	0	21	0	0	14	28	22	20	0	47	6	1	41	16	4	36	43	47	0	16	22	42	14	0	34	35	0	0	22	0	43	15	0	23	0	27	17	34	0	3	18	44	35	31	23	20	42	8	26	17	0	12	32	0	12	11	47	23	9	40	32	10	16	
10	21	29	32	0	0	29	44	11	41	42	7	1	14	2	0	32	1	29	37	12	22	28	18	26	40	9	13	11	0	32	12	3	42	1	12	38	0	5	0	0	5	28	4	16	0	8	39	33	29	8	42	27	36	16	0	34	38	28	44	0	45	1	0	0	4	0	16	17	0	31	0	29	22	41	0	29	28	20	17	7	23	11	31	17	40	35	0	19	8	0	8	25	18	36	10	8	13	16	26	
38	1	15	17	0	0	11	47	43	25	33	38	10	30	3	0	41	44	4	27	15	14	46	22	6	6	34	33	7	0	43	27	13	15	34	28	1	0	15	0	0	1	49	33	37	0	3	13	38	46	28	8	39	24	47	0	13	15	2	34	0	27	6	0	0	49	0	38	42	0	46	0	28	5	28	0	28	16	26	44	11	16	48	49	49	1	26	0	43	44	0	8	17	29	29	28	38	8	22	19	
13	36	32	28	0	0	35	4	14	2	24	15	5	18	45	0	25	30	27	39	32	33	29	6	10	40	20	2	31	0	30	45	4	31	25	42	32	0	44	0	0	3	45	47	29	0	15	47	49	4	5	2	18	9	5	0	29	3	22	16	0	39	2	0	0	40	0	46	28	0	2	0	13	6	43	0	4	18	36	1	18	35	29	31	44	18	13	0	40	25	0	28	46	23	37	25	10	49	13	11	
37	25	45	6	0	0	20	32	34	37	30	17	19	40	48	0	26	41	8	29	43	19	9	5	3	40	32	8	13	0	20	41	9	21	38	4	44	0	7	0	0	37	14	45	32	0	12	32	34	36	48	10	40	48	19	0	24	30	15	32	0	30	18	0	0	13	0	29	25	0	23	0	32	49	13	0	43	25	43	21	43	31	1	12	45	30	41	0	38	5	0	48	14	29	21	3	14	9	15	8	
16	48	14	45	0	0	21	30	33	16	33	35	39	46	38	0	43	47	22	27	37	22	28	24	12	39	28	6	36	0	31	22	32	3	26	7	21	0	20	0	0	38	33	41	35	0	39	25	45	44	6	21	28	20	26	0	29	28	14	11	0	33	9	0	0	21	0	40	25	0	35	0	12	49	44	0	27	11	14	26	22	39	18	4	11	41	48	0	1	33	0	13	35	36	13	11	8	29	36	7	
31	1	38	1	0	0	22	16	33	23	31	9	47	2	34	0	5	11	42	14	41	44	15	28	6	14	3	2	30	0	38	43	30	26	5	21	33	0	38	0	0	1	47	2	6	0	2	27	18	3	36	7	4	11	1	0	1	17	29	3	0	35	49	0	0	34	0	24	17	0	12	0	44	46	5	0	37	48	8	48	3	7	28	23	8	23	14	0	20	34	0	19	31	22	45	36	24	26	4	3	
42	45	46	3	0	0	20	45	7	21	22	48	30	4	38	0	20	7	16	3	5	26	26	11	38	35	1	18	9	0	40	1	36	21	33	48	16	0	4	0	0	7	7	30	18	0	10	2	47	44	20	24	10	8	44	0	30	45	30	49	0	46	6	0	0	6	0	13	40	0	25	0	42	26	1	0	10	26	46	6	19	32	27	18	3	5	25	0	34	1	0	22	24	19	7	21	48	12	28	5	
28	45	31	35	0	0	36	36	26	10	1	9	40	20	17	0	14	44	17	13	35	5	12	43	14	3	27	18	24	0	33	10	34	29	15	45	21	0	9	0	0	41	29	12	34	0	42	15	19	24	41	21	3	15	29	0	7	26	32	25	0	38	33	0	0	39	0	21	21	0	34	0	3	15	11	0	2	47	16	35	44	49	9	30	28	34	38	0	24	41	0	23	49	38	43	2	7	17	38	11	
23	19	2	11	0	0	20	25	15	43	46	2	30	36	36	0	20	24	7	28	18	5	36	25	19	38	7	18	17	0	11	20	5	25	27	47	27	0	29	0	0	34	29	6	29	0	8	13	42	48	34	17	27	9	40	0	46	14	14	45	0	42	9	0	0	42	0	39	6	0	23	0	42	11	16	0	46	23	28	48	37	32	2	47	34	35	21	0	2	40	0	7	11	11	35	27	34	13	1	24	
35	8	40	6	28	24	12	41	31	36	2	0	18	35	44	0	23	0	33	5	20	2	8	19	30	45	21	40	42	1	13	3	24	42	47	45	37	15	30	48	44	49	25	43	31	33	0	0	29	2	41	25	0	24	0	31	4	4	0	27	0	0	23	42	34	23	33	0	36	11	0	17	3	25	16	22	0	27	36	26	3	0	3	26	23	49	0	1	3	2	0	41	35	24	3	0	35	47	6	30	
38	14	12	4	37	36	20	47	8	45	39	0	15	22	14	0	15	0	11	26	49	5	38	4	40	2	11	3	4	4	36	37	7	34	15	49	29	35	19	24	27	20	38	15	5	15	0	0	7	14	24	32	0	1	0	15	5	40	0	23	0	0	20	32	33	11	25	0	31	17	0	28	41	40	3	38	0	32	16	39	20	0	35	17	19	6	0	33	8	28	0	26	1	9	1	0	23	47	44	22	
25	19	27	4	47	37	3	27	49	44	17	0	21	26	23	0	26	0	24	13	9	48	46	19	20	41	30	30	26	48	32	3	18	2	15	13	9	12	19	12	27	8	25	40	34	35	0	0	5	48	22	23	0	20	0	25	23	48	0	36	0	0	39	48	2	1	46	0	22	13	0	43	7	34	15	10	0	23	38	3	38	0	38	2	45	28	0	15	38	28	0	18	22	44	24	0	29	7	48	27	
23	26	7	39	43	21	10	47	48	49	17	0	32	26	14	0	43	0	1	23	9	27	21	28	4	22	10	29	8	18	8	34	25	39	26	42	34	44	16	41	21	49	35	16	39	1	0	0	12	7	16	3	0	40	0	34	1	38	0	49	0	0	47	10	39	29	6	0	13	35	0	8	43	19	41	20	0	32	12	25	49	0	2	35	40	40	0	16	31	37	0	16	24	26	30	0	37	35	34	31	
3	30	6	36	17	19	37	3	18	40	47	0	41	16	33	0	4	0	30	15	10	22	22	10	19	23	38	16	25	15	30	40	41	28	18	11	2	35	43	35	39	31	41	38	36	41	0	0	13	7	34	49	0	1	0	46	28	8	0	21	0	0	24	47	13	33	42	0	35	23	0	47	32	21	44	21	0	11	9	12	34	0	32	41	35	36	0	26	19	48	0	18	13	29	35	0	43	36	42	42	
4	45	26	38	12	31	4	8	13	27	39	0	41	31	48	0	31	0	19	20	37	48	38	36	49	3	41	9	42	12	40	31	32	18	44	26	21	29	36	32	28	10	2	49	22	18	0	0	21	2	27	19	0	11	0	1	11	39	0	23	0	0	3	31	28	9	27	0	33	27	0	41	47	42	47	5	0	33	26	35	36	0	12	36	6	5	0	17	48	29	0	33	49	8	3	0	12	15	48	39	
18	14	3	12	12	4	8	22	10	43	32	0	46	30	9	0	25	0	22	16	36	16	23	37	16	20	43	20	5	9	37	17	40	28	30	46	11	4	48	31	7	21	46	10	29	23	0	0	10	3	25	10	0	20	0	46	4	35	0	18	0	0	40	34	31	36	22	0	14	8	0	7	41	46	10	41	0	29	48	32	8	0	19	44	10	49	0	6	35	46	0	9	21	43	9	0	12	44	25	22	
25	27	1	12	34	23	35	37	19	20	38	0	37	7	29	0	45	0	43	36	46	16	44	34	4	1	41	40	8	16	31	31	21	28	8	4	28	32	23	15	3	43	42	10	8	11	0	0	36	10	8	34	0	49	0	9	6	6	0	27	0	0	3	6	32	3	28	0	2	32	0	19	12	35	1	36	0	41	45	34	9	0	8	36	25	21	0	42	32	49	0	16	36	18	14	0	22	25	9	40	
45	10	10	49	35	23	15	21	47	41	39	0	48	7	2	0	3	0	2	48	41	43	32	32	4	39	28	18	24	12	45	39	11	39	34	17	14	9	35	1	3	28	2	25	7	31	0	0	40	27	23	41	0	20	0	49	1	40	0	30	0	0	41	10	44	9	17	0	13	34	0	3	38	20	48	41	0	43	21	41	37	0	19	19	44	30	0	43	49	4	0	8	12	24	25	0	11	7	18	38	
48	22	4	36	42	19	41	26	26	12	32	0	12	4	9	0	41	0	40	17	17	3	35	3	25	10	46	47	34	45	37	37	44	29	42	31	5	2	21	22	16	3	25	19	14	4	0	0	21	5	31	36	0	35	0	1	30	12	0	42	0	0	5	27	30	42	20	0	27	9	0	31	2	22	21	6	0	35	30	1	26	0	25	30	40	11	0	48	3	17	0	40	13	9	19	0	49	28	1	27	
