Number of operations: 260
Makespan: 3242

0 0 0 0 0 0 0 0 0 0 0 0 0 0 0 0 101 103 201 206 201 105 103 203 103 112 246 102 112 307 207 302 101 202 206 246 227 227 230 211 317 347 326 323 413 452 336 341 323 526 319 575 425 531 469 462 462 354 471 437 565 602 456 454 502 668 577 660 457 531 570 643 538 710 589 651 616 577 783 585 661 908 806 595 848 794 881 627 766 721 814 879 827 792 795 748 941 814 881 971 908 1030 927 931 950 1055 1029 954 1080 1090 892 1174 1105 1047 1150 1074 1162 959 1173 1103 993 1160 1062 1037 1225 1226 1070 1225 1172 1354 1144 1311 1242 1201 1182 1312 1387 1471 1203 1425 1606 1321 1412 1262 1350 1436 1534 1395 1543 1281 1418 1527 1420 1430 1463 1617 1649 1336 1563 1484 1543 1549 1601 1759 1747 1672 1821 1689 1691 1655 1613 1818 1652 1709 1760 1767 1827 1944 1850 1744 1732 1782 1739 1877 1904 1914 2087 1773 1885 1969 1880 2495 1854 1997 1930 2062 1863 2076 1994 2122 1959 2239 2079 2288 2146 1986 2128 2072 2265 2406 2243 2121 2427 2260 2176 2093 2318 2571 2231 2333 2378 2295 2490 2148 2429 2696 2555 2543 2448 2433 2474 2659 2517 2866 2621 2594 2631 2867 2718 2638 2545 2619 2760 2957 2546 3205 2757 2876 3018 2765 2808 2890 2981 2906 3124 2911 3077 3211 3011 3221 

1 1 1 1 2 2 3 3 3 3 5 6 7 7 12 12 45 38 1 37 22 22 14 23 3 15 8 9 18 6 16 29 45 17 30 1 42 35 22 43 20 48 36 2 13 23 20 30 8 42 38 39 13 29 47 15 23 48 31 28 18 8 21 16 25 11 37 6 32 20 36 28 23 17 19 43 32 4 47 7 34 39 35 26 11 14 9 21 26 10 40 14 23 35 42 33 21 36 44 32 21 44 28 49 12 18 31 20 32 11 13 27 37 25 12 37 25 11 33 22 33 11 20 7 5 6 33 29 40 30 37 25 8 20 38 15 30 38 22 22 26 42 22 33 39 19 5 48 9 37 31 36 29 33 9 42 33 7 28 29 17 24 49 26 7 49 23 41 27 49 31 41 15 18 20 47 19 16 26 25 45 12 48 20 38 25 8 48 46 10 42 26 32 31 32 26 13 30 49 33 13 4 39 39 19 7 5 13 25 13 3 27 44 18 19 40 11 47 28 41 39 43 4 48 16 28 22 23 39 34 16 49 14 15 44 14 32 19 39 19 31 41 34 48 41 21 30 42 25 41 3 31 30 6 3 22 12 31 40 8 

2 13 19 1 11 8 6 3 14 4 9 15 5 0 17 18 7 10 12 16 1 19 13 2 8 11 4 14 3 6 9 15 0 5 18 17 8 14 13 11 19 3 10 0 7 12 5 9 1 2 18 16 17 13 11 4 14 8 6 0 1 15 19 5 18 10 9 3 8 7 17 0 5 12 19 4 14 8 6 11 18 7 13 5 2 8 1 11 17 19 15 9 16 5 11 14 3 0 10 4 18 12 19 14 17 8 5 6 11 13 0 16 15 2 1 9 0 10 18 7 19 17 3 10 6 14 4 19 10 5 2 8 12 3 13 4 9 11 7 15 1 17 2 0 16 18 10 13 3 7 6 14 12 19 0 7 4 8 8 17 5 16 9 2 13 15 12 6 18 19 0 11 17 10 3 5 14 16 8 1 0 9 7 17 4 19 18 15 10 6 13 1 0 3 2 7 9 5 15 12 14 11 9 8 0 17 13 10 19 4 16 2 14 6 17 3 15 10 18 5 9 3 13 2 12 0 17 2 11 16 18 6 19 8 15 3 5 9 4 12 16 14 11 18 13 19 16 13 3 12 15 6 4 16 11 12 16 18 4 16 

4 5 11 15 2 9 3 7 8 12 14 6 0 1 10 13 4 8 15 6 11 14 7 3 12 13 4 9 10 1 0 15 5 2 12 5 14 13 10 9 7 5 3 11 1 10 12 8 0 1 2 10 11 0 14 13 3 4 8 7 7 8 12 9 4 1 12 0 2 15 9 6 11 8 2 15 14 13 7 3 11 2 9 5 14 15 13 4 0 5 10 1 8 3 11 4 9 12 4 6 15 7 3 5 12 3 15 10 5 13 0 7 0 2 8 10 9 14 3 6 1 15 12 11 6 1 14 4 2 4 11 10 0 13 12 2 9 15 14 14 3 13 5 8 0 10 5 8 8 11 11 2 12 6 13 9 11 1 6 4 1 12 7 9 14 13 13 0 6 10 4 6 8 15 1 8 15 13 7 4 3 11 5 3 10 8 5 12 9 4 1 5 14 3 0 0 2 7 11 1 6 8 4 0 15 14 3 6 15 7 11 12 0 13 2 14 4 0 9 14 13 2 15 10 4 10 1 8 12 3 14 9 13 8 5 15 13 3 0 2 4 7 7 0 11 0 2 4 4 5 9 14 8 5 10 9 1 8 3 14 
